
# Surface 0 of 1 surfaces

# Curve title: "'zpe.map12' using 1:2:8"

# Contour 0, label:        0
 1.6048  1.35  0 
 1.6  1.3047  0 
 1.56974  1.35  0 
 1.55  1.37585  0 
 1.52807  1.4  0 
 1.5  1.42406  0 
 1.47283  1.45  0 
 1.45  1.47283  0 
 1.42406  1.5  0 
 1.4  1.52807  0 
 1.37585  1.55  0 
 1.35  1.56974  0 
 1.3047  1.6  0 
 1.35  1.6048  0 
 1.4  1.61071  0 
 1.45  1.61629  0 
 1.5  1.62225  0 
 1.55  1.62953  0 
 1.6  1.64233  0 
 1.64233  1.6  0 
 1.62943  1.55  0 
 1.62225  1.5  0 
 1.61629  1.45  0 
 1.61071  1.4  0 
 1.6048  1.35  0 


# Contour 1, label:    -0.02
 1.76762  1.25 -0.02 
 1.76803  1.3 -0.02 
 1.76872  1.35 -0.02 
 1.7696  1.4 -0.02 
 1.77048  1.45 -0.02 
 1.77139  1.5 -0.02 
 1.7722  1.55 -0.02 
 1.77286  1.6 -0.02 
 1.76489  1.65 -0.02 
 1.75  1.68275 -0.02 
 1.7396  1.7 -0.02 
 1.7  1.7396 -0.02 
 1.68275  1.75 -0.02 
 1.65  1.76489 -0.02 
 1.6  1.77286 -0.02 
 1.55  1.7722 -0.02 
 1.5  1.77139 -0.02 
 1.45  1.77048 -0.02 
 1.4  1.7696 -0.02 
 1.35  1.76872 -0.02 
 1.3  1.76803 -0.02 
 1.25  1.76762 -0.02 


# Contour 2, label:    -0.04
 1.84524  1.25 -0.04 
 1.84553  1.3 -0.04 
 1.84608  1.35 -0.04 
 1.84676  1.4 -0.04 
 1.84756  1.45 -0.04 
 1.84833  1.5 -0.04 
 1.8491  1.55 -0.04 
 1.84982  1.6 -0.04 
 1.84352  1.65 -0.04 
 1.82441  1.7 -0.04 
 1.8  1.74174 -0.04 
 1.7941  1.75 -0.04 
 1.75  1.7941 -0.04 
 1.74174  1.8 -0.04 
 1.7  1.82441 -0.04 
 1.65  1.84352 -0.04 
 1.6  1.84982 -0.04 
 1.55  1.8491 -0.04 
 1.5  1.84833 -0.04 
 1.45  1.84756 -0.04 
 1.4  1.84676 -0.04 
 1.35  1.84608 -0.04 
 1.3  1.84553 -0.04 
 1.25  1.84524 -0.04 


# Contour 3, label:    -0.06
 1.90856  1.25 -0.06 
 1.90876  1.3 -0.06 
 1.90916  1.35 -0.06 
 1.9097  1.4 -0.06 
 1.9103  1.45 -0.06 
 1.91094  1.5 -0.06 
 1.91157  1.55 -0.06 
 1.91213  1.6 -0.06 
 1.9071  1.65 -0.06 
 1.9  1.67319 -0.06 
 1.89103  1.7 -0.06 
 1.86489  1.75 -0.06 
 1.85  1.77152 -0.06 
 1.82782  1.8 -0.06 
 1.8  1.82782 -0.06 
 1.77152  1.85 -0.06 
 1.75  1.86489 -0.06 
 1.7  1.89103 -0.06 
 1.67319  1.9 -0.06 
 1.65  1.9071 -0.06 
 1.6  1.91213 -0.06 
 1.55  1.91157 -0.06 
 1.5  1.91094 -0.06 
 1.45  1.9103 -0.06 
 1.4  1.9097 -0.06 
 1.35  1.90916 -0.06 
 1.3  1.90876 -0.06 
 1.25  1.90856 -0.06 


# Contour 4, label:    -0.08
 1.96587  1.25 -0.08 
 1.96601  1.3 -0.08 
 1.96635  1.35 -0.08 
 1.96682  1.4 -0.08 
 1.96737  1.45 -0.08 
 1.96794  1.5 -0.08 
 1.96851  1.55 -0.08 
 1.96896  1.6 -0.08 
 1.96417  1.65 -0.08 
 1.95  1.69902 -0.08 
 1.9497  1.7 -0.08 
 1.92547  1.75 -0.08 
 1.9  1.78932 -0.08 
 1.89257  1.8 -0.08 
 1.85128  1.85 -0.08 
 1.85  1.85128 -0.08 
 1.8  1.89257 -0.08 
 1.78932  1.9 -0.08 
 1.75  1.92547 -0.08 
 1.7  1.9497 -0.08 
 1.69902  1.95 -0.08 
 1.65  1.96417 -0.08 
 1.6  1.96896 -0.08 
 1.55  1.96849 -0.08 
 1.5  1.96794 -0.08 
 1.45  1.96737 -0.08 
 1.4  1.96682 -0.08 
 1.35  1.96635 -0.08 
 1.3  1.96601 -0.08 
 1.25  1.96587 -0.08 


# Contour 5, label:     -0.1
 2.02015  1.25 -0.1 
 2.02024  1.3 -0.1 
 2.02051  1.35 -0.1 
 2.02094  1.4 -0.1 
 2.02143  1.45 -0.1 
 2.02192  1.5 -0.1 
 2.0224  1.55 -0.1 
 2.02276  1.6 -0.1 
 2.01808  1.65 -0.1 
 2.0042  1.7 -0.1 
 2  1.70953 -0.1 
 1.98152  1.75 -0.1 
 1.95119  1.8 -0.1 
 1.95  1.80162 -0.1 
 1.91279  1.85 -0.1 
 1.9  1.86478 -0.1 
 1.86478  1.9 -0.1 
 1.85  1.91279 -0.1 
 1.80162  1.95 -0.1 
 1.8  1.95119 -0.1 
 1.75  1.98152 -0.1 
 1.70953  2 -0.1 
 1.7  2.0042 -0.1 
 1.65  2.01808 -0.1 
 1.6  2.02276 -0.1 
 1.55  2.0224 -0.1 
 1.5  2.02192 -0.1 
 1.45  2.02143 -0.1 
 1.4  2.02094 -0.1 
 1.35  2.02051 -0.1 
 1.3  2.02024 -0.1 
 1.25  2.02015 -0.1 


# Contour 6, label:    -0.12
 2.07291  1.25 -0.12 
 2.07292  1.3 -0.12 
 2.07315  1.35 -0.12 
 2.07351  1.4 -0.12 
 2.07395  1.45 -0.12 
 2.07438  1.5 -0.12 
 2.07477  1.55 -0.12 
 2.07502  1.6 -0.12 
 2.07036  1.65 -0.12 
 2.05681  1.7 -0.12 
 2.05  1.71591 -0.12 
 2.03508  1.75 -0.12 
 2.00606  1.8 -0.12 
 2  1.8086 -0.12 
 1.96968  1.85 -0.12 
 1.95  1.87458 -0.12 
 1.92811  1.9 -0.12 
 1.9  1.92811 -0.12 
 1.87458  1.95 -0.12 
 1.85  1.96968 -0.12 
 1.8086  2 -0.12 
 1.8  2.00606 -0.12 
 1.75  2.03508 -0.12 
 1.71591  2.05 -0.12 
 1.7  2.05681 -0.12 
 1.65  2.07036 -0.12 
 1.6  2.07502 -0.12 
 1.55  2.07477 -0.12 
 1.5  2.07438 -0.12 
 1.45  2.07395 -0.12 
 1.4  2.07351 -0.12 
 1.35  2.07315 -0.12 
 1.3  2.07292 -0.12 
 1.25  2.07291 -0.12 


# Contour 7, label:    -0.14
 2.12524  1.25 -0.14 
 2.12515  1.3 -0.14 
 2.1253  1.35 -0.14 
 2.12561  1.4 -0.14 
 2.126  1.45 -0.14 
 2.12637  1.5 -0.14 
 2.12665  1.55 -0.14 
 2.12679  1.6 -0.14 
 2.12208  1.65 -0.14 
 2.10863  1.7 -0.14 
 2.1  1.72042 -0.14 
 2.08743  1.75 -0.14 
 2.0592  1.8 -0.14 
 2.05  1.81344 -0.14 
 2.02434  1.85 -0.14 
 2  1.88072 -0.14 
 1.98451  1.9 -0.14 
 1.95  1.93831 -0.14 
 1.93831  1.95 -0.14 
 1.9  1.98451 -0.14 
 1.88072  2 -0.14 
 1.85  2.02434 -0.14 
 1.81344  2.05 -0.14 
 1.8  2.0592 -0.14 
 1.75  2.08743 -0.14 
 1.72042  2.1 -0.14 
 1.7  2.10863 -0.14 
 1.65  2.12208 -0.14 
 1.6  2.12679 -0.14 
 1.55  2.12665 -0.14 
 1.5  2.12637 -0.14 
 1.45  2.126 -0.14 
 1.4  2.12561 -0.14 
 1.35  2.1253 -0.14 
 1.3  2.12515 -0.14 
 1.25  2.12524 -0.14 


# Contour 8, label:    -0.16
 2.17799  1.25 -0.16 
 2.17779  1.3 -0.16 
 2.17786  1.35 -0.16 
 2.1781  1.4 -0.16 
 2.1784  1.45 -0.16 
 2.1787  1.5 -0.16 
 2.1789  1.55 -0.16 
 2.17892  1.6 -0.16 
 2.17411  1.65 -0.16 
 2.16063  1.7 -0.16 
 2.15  1.7251 -0.16 
 2.13955  1.75 -0.16 
 2.11173  1.8 -0.16 
 2.1  1.81733 -0.16 
 2.07771  1.85 -0.16 
 2.05  1.88562 -0.16 
 2.03862  1.9 -0.16 
 2  1.94577 -0.16 
 1.99621  1.95 -0.16 
 1.95  1.99621 -0.16 
 1.94577  2 -0.16 
 1.9  2.03862 -0.16 
 1.88562  2.05 -0.16 
 1.85  2.07771 -0.16 
 1.81733  2.1 -0.16 
 1.8  2.11173 -0.16 
 1.75  2.13955 -0.16 
 1.7251  2.15 -0.16 
 1.7  2.16063 -0.16 
 1.65  2.17411 -0.16 
 1.6  2.17892 -0.16 
 1.55  2.1789 -0.16 
 1.5  2.1787 -0.16 
 1.45  2.1784 -0.16 
 1.4  2.1781 -0.16 
 1.35  2.17786 -0.16 
 1.3  2.17779 -0.16 
 1.25  2.17799 -0.16 


# Contour 9, label:    -0.18
 2.23187  1.25 -0.18 
 2.23162  1.3 -0.18 
 2.23159  1.35 -0.18 
 2.23174  1.4 -0.18 
 2.23196  1.45 -0.18 
 2.23217  1.5 -0.18 
 2.2323  1.55 -0.18 
 2.23221  1.6 -0.18 
 2.22729  1.65 -0.18 
 2.21366  1.7 -0.18 
 2.2  1.73184 -0.18 
 2.19238  1.75 -0.18 
 2.16458  1.8 -0.18 
 2.15  1.82153 -0.18 
 2.13084  1.85 -0.18 
 2.1  1.88995 -0.18 
 2.0922  1.9 -0.18 
 2.05028  1.95 -0.18 
 2.05  1.95031 -0.18 
 2.00375  2 -0.18 
 2  2.00375 -0.18 
 1.95031  2.05 -0.18 
 1.95  2.05028 -0.18 
 1.9  2.0922 -0.18 
 1.88995  2.1 -0.18 
 1.85  2.13084 -0.18 
 1.82153  2.15 -0.18 
 1.8  2.16458 -0.18 
 1.75  2.19238 -0.18 
 1.73184  2.2 -0.18 
 1.7  2.21366 -0.18 
 1.65  2.22729 -0.18 
 1.6  2.23221 -0.18 
 1.55  2.2323 -0.18 
 1.5  2.23217 -0.18 
 1.45  2.23196 -0.18 
 1.4  2.23174 -0.18 
 1.35  2.23159 -0.18 
 1.3  2.23162 -0.18 
 1.25  2.23187 -0.18 


# Contour 10, label:     -0.2
 2.28759  1.25 -0.2 
 2.28741  1.3 -0.2 
 2.28726  1.35 -0.2 
 2.28732  1.4 -0.2 
 2.28746  1.45 -0.2 
 2.28758  1.5 -0.2 
 2.28763  1.55 -0.2 
 2.28747  1.6 -0.2 
 2.28247  1.65 -0.2 
 2.26865  1.7 -0.2 
 2.25  1.74257 -0.2 
 2.24685  1.75 -0.2 
 2.21877  1.8 -0.2 
 2.2  1.82741 -0.2 
 2.18482  1.85 -0.2 
 2.15  1.895 -0.2 
 2.14616  1.9 -0.2 
 2.10409  1.95 -0.2 
 2.1  1.95476 -0.2 
 2.06009  2 -0.2 
 2.05  2.01026 -0.2 
 2.01026  2.05 -0.2 
 2  2.06009 -0.2 
 1.95476  2.1 -0.2 
 1.95  2.10409 -0.2 
 1.9  2.14616 -0.2 
 1.895  2.15 -0.2 
 1.85  2.18482 -0.2 
 1.82741  2.2 -0.2 
 1.8  2.21877 -0.2 
 1.75  2.24685 -0.2 
 1.74257  2.25 -0.2 
 1.7  2.26865 -0.2 
 1.65  2.28247 -0.2 
 1.6  2.28746 -0.2 
 1.55  2.28763 -0.2 
 1.5  2.28758 -0.2 
 1.45  2.28746 -0.2 
 1.4  2.28732 -0.2 
 1.35  2.28726 -0.2 
 1.3  2.28741 -0.2 
 1.25  2.28759 -0.2 


# Contour 11, label:    -0.22
 2.34596  1.25 -0.22 
 2.346  1.3 -0.22 
 2.34574  1.35 -0.22 
 2.34571  1.4 -0.22 
 2.34578  1.45 -0.22 
 2.34582  1.5 -0.22 
 2.34578  1.55 -0.22 
 2.34561  1.6 -0.22 
 2.34063  1.65 -0.22 
 2.32653  1.7 -0.22 
 2.3041  1.75 -0.22 
 2.3  1.75695 -0.22 
 2.27544  1.8 -0.22 
 2.25  1.83646 -0.22 
 2.24082  1.85 -0.22 
 2.20167  1.9 -0.22 
 2.2  1.90194 -0.22 
 2.15929  1.95 -0.22 
 2.15  1.96024 -0.22 
 2.11575  2 -0.22 
 2.1  2.01696 -0.22 
 2.0675  2.05 -0.22 
 2.05  2.0675 -0.22 
 2.01696  2.1 -0.22 
 2  2.11575 -0.22 
 1.96024  2.15 -0.22 
 1.95  2.15929 -0.22 
 1.90194  2.2 -0.22 
 1.9  2.20167 -0.22 
 1.85  2.24082 -0.22 
 1.83646  2.25 -0.22 
 1.8  2.27544 -0.22 
 1.75695  2.3 -0.22 
 1.75  2.3041 -0.22 
 1.7  2.32653 -0.22 
 1.65  2.34063 -0.22 
 1.6  2.34561 -0.22 
 1.55  2.34578 -0.22 
 1.5  2.34582 -0.22 
 1.45  2.34578 -0.22 
 1.4  2.34571 -0.22 
 1.35  2.34574 -0.22 
 1.3  2.346 -0.22 
 1.25  2.34596 -0.22 


# Contour 12, label:    -0.24
 2.40857  1.25 -0.24 
 2.40882  1.3 -0.24 
 2.40857  1.35 -0.24 
 2.40843  1.4 -0.24 
 2.40843  1.45 -0.24 
 2.40842  1.5 -0.24 
 2.40835  1.55 -0.24 
 2.40825  1.6 -0.24 
 2.40307  1.65 -0.24 
 2.4  1.65989 -0.24 
 2.38824  1.7 -0.24 
 2.3652  1.75 -0.24 
 2.35  1.77486 -0.24 
 2.33528  1.8 -0.24 
 2.3  1.84933 -0.24 
 2.29954  1.85 -0.24 
 2.25998  1.9 -0.24 
 2.25  1.91146 -0.24 
 2.21687  1.95 -0.24 
 2.2  1.96835 -0.24 
 2.17136  2 -0.24 
 2.15  2.02319 -0.24 
 2.12526  2.05 -0.24 
 2.1  2.07534 -0.24 
 2.07534  2.1 -0.24 
 2.05  2.12526 -0.24 
 2.02319  2.15 -0.24 
 2  2.17136 -0.24 
 1.96835  2.2 -0.24 
 1.95  2.21687 -0.24 
 1.91146  2.25 -0.24 
 1.9  2.25998 -0.24 
 1.85  2.29954 -0.24 
 1.84933  2.3 -0.24 
 1.8  2.33528 -0.24 
 1.77486  2.35 -0.24 
 1.75  2.3652 -0.24 
 1.7  2.38824 -0.24 
 1.65989  2.4 -0.24 
 1.65  2.40307 -0.24 
 1.6  2.40825 -0.24 
 1.55  2.40835 -0.24 
 1.5  2.40842 -0.24 
 1.45  2.40843 -0.24 
 1.4  2.40843 -0.24 
 1.35  2.40857 -0.24 
 1.3  2.40882 -0.24 
 1.25  2.40857 -0.24 


# Contour 13, label:    -0.26
 2.47706  1.25 -0.26 
 2.4774  1.3 -0.26 
 2.47727  1.35 -0.26 
 2.47702  1.4 -0.26 
 2.47694  1.45 -0.26 
 2.47691  1.5 -0.26 
 2.47688  1.55 -0.26 
 2.477  1.6 -0.26 
 2.47147  1.65 -0.26 
 2.45517  1.7 -0.26 
 2.45  1.71002 -0.26 
 2.43071  1.75 -0.26 
 2.4  1.79783 -0.26 
 2.39868  1.8 -0.26 
 2.3619  1.85 -0.26 
 2.35  1.8641 -0.26 
 2.32087  1.9 -0.26 
 2.3  1.92339 -0.26 
 2.27691  1.95 -0.26 
 2.25  1.97911 -0.26 
 2.23083  2 -0.26 
 2.2  2.03206 -0.26 
 2.18347  2.05 -0.26 
 2.15  2.08455 -0.26 
 2.1346  2.1 -0.26 
 2.1  2.1346 -0.26 
 2.08456  2.15 -0.26 
 2.05  2.18347 -0.26 
 2.03206  2.2 -0.26 
 2  2.23083 -0.26 
 1.97911  2.25 -0.26 
 1.95  2.27691 -0.26 
 1.92339  2.3 -0.26 
 1.9  2.32087 -0.26 
 1.8641  2.35 -0.26 
 1.85  2.3619 -0.26 
 1.8  2.39868 -0.26 
 1.79783  2.4 -0.26 
 1.75  2.43071 -0.26 
 1.71002  2.45 -0.26 
 1.7  2.45517 -0.26 
 1.65  2.47147 -0.26 
 1.6  2.477 -0.26 
 1.55  2.47688 -0.26 
 1.5  2.47691 -0.26 
 1.45  2.47694 -0.26 
 1.4  2.47702 -0.26 
 1.35  2.47726 -0.26 
 1.3  2.4774 -0.26 
 1.25  2.47706 -0.26 


# Contour 14, label:    -0.28
 2.55334  1.25 -0.28 
 2.5539  1.3 -0.28 
 2.55385  1.35 -0.28 
 2.55351  1.4 -0.28 
 2.55333  1.45 -0.28 
 2.55328  1.5 -0.28 
 2.55338  1.55 -0.28 
 2.55371  1.6 -0.28 
 2.55  1.62761 -0.28 
 2.54724  1.65 -0.28 
 2.5299  1.7 -0.28 
 2.50257  1.75 -0.28 
 2.5  1.75356 -0.28 
 2.46879  1.8 -0.28 
 2.45  1.82298 -0.28 
 2.42919  1.85 -0.28 
 2.4  1.88299 -0.28 
 2.38569  1.9 -0.28 
 2.35  1.9386 -0.28 
 2.33986  1.95 -0.28 
 2.3  1.99218 -0.28 
 2.29278  2 -0.28 
 2.25  2.04439 -0.28 
 2.24461  2.05 -0.28 
 2.2  2.09549 -0.28 
 2.19564  2.1 -0.28 
 2.15  2.14539 -0.28 
 2.14539  2.15 -0.28 
 2.1  2.19564 -0.28 
 2.09549  2.2 -0.28 
 2.05  2.24461 -0.28 
 2.04439  2.25 -0.28 
 2  2.29278 -0.28 
 1.99218  2.3 -0.28 
 1.95  2.33986 -0.28 
 1.9386  2.35 -0.28 
 1.9  2.38569 -0.28 
 1.88299  2.4 -0.28 
 1.85  2.42919 -0.28 
 1.82298  2.45 -0.28 
 1.8  2.46879 -0.28 
 1.75356  2.5 -0.28 
 1.75  2.50257 -0.28 
 1.7  2.5299 -0.28 
 1.65  2.54724 -0.28 
 1.62761  2.55 -0.28 
 1.6  2.55371 -0.28 
 1.55  2.55338 -0.28 
 1.5  2.55328 -0.28 
 1.45  2.55333 -0.28 
 1.4  2.55351 -0.28 
 1.35  2.55385 -0.28 
 1.3  2.5539 -0.28 
 1.25  2.55334 -0.28 


# Contour 15, label:     -0.3
 2.6451  1.25 -0.3 
 2.64533  1.3 -0.3 
 2.64522  1.35 -0.3 
 2.64492  1.4 -0.3 
 2.6447  1.45 -0.3 
 2.64468  1.5 -0.3 
 2.64498  1.55 -0.3 
 2.64521  1.6 -0.3 
 2.63781  1.65 -0.3 
 2.61663  1.7 -0.3 
 2.6  1.72489 -0.3 
 2.58542  1.75 -0.3 
 2.55  1.79588 -0.3 
 2.54706  1.8 -0.3 
 2.5036  1.85 -0.3 
 2.5  1.85361 -0.3 
 2.45666  1.9 -0.3 
 2.45  1.90651 -0.3 
 2.40791  1.95 -0.3 
 2.4  1.95773 -0.3 
 2.35867  2 -0.3 
 2.35  2.00849 -0.3 
 2.30918  2.05 -0.3 
 2.3  2.05905 -0.3 
 2.25903  2.1 -0.3 
 2.25  2.10883 -0.3 
 2.20864  2.15 -0.3 
 2.2  2.15856 -0.3 
 2.15856  2.2 -0.3 
 2.15  2.20864 -0.3 
 2.10883  2.25 -0.3 
 2.1  2.25903 -0.3 
 2.05905  2.3 -0.3 
 2.05  2.30918 -0.3 
 2.00849  2.35 -0.3 
 2  2.35867 -0.3 
 1.95773  2.4 -0.3 
 1.95  2.40791 -0.3 
 1.90651  2.45 -0.3 
 1.9  2.45666 -0.3 
 1.85361  2.5 -0.3 
 1.85  2.5036 -0.3 
 1.8  2.54706 -0.3 
 1.79588  2.55 -0.3 
 1.75  2.58542 -0.3 
 1.72489  2.6 -0.3 
 1.7  2.61663 -0.3 
 1.65  2.63781 -0.3 
 1.6  2.64521 -0.3 
 1.55  2.64498 -0.3 
 1.5  2.64468 -0.3 
 1.45  2.6447 -0.3 
 1.4  2.64492 -0.3 
 1.35  2.64522 -0.3 
 1.3  2.64533 -0.3 
 1.25  2.6451 -0.3 


# Contour 16, label:    -0.32
 2.75625  1.25 -0.32 
 2.75603  1.3 -0.32 
 2.75566  1.35 -0.32 
 2.75526  1.4 -0.32 
 2.75498  1.45 -0.32 
 2.75503  1.5 -0.32 
 2.75547  1.55 -0.32 
 2.75598  1.6 -0.32 
 2.74739  1.65 -0.32 
 2.72201  1.7 -0.32 
 2.7  1.72725 -0.32 
 2.68526  1.75 -0.32 
 2.64204  1.8 -0.32 
 2.6  1.83935 -0.32 
 2.59006  1.85 -0.32 
 2.55  1.8874 -0.32 
 2.53743  1.9 -0.32 
 2.5  1.93425 -0.32 
 2.48386  1.95 -0.32 
 2.45  1.98115 -0.32 
 2.43071  2 -0.32 
 2.4  2.02876 -0.32 
 2.3783  2.05 -0.32 
 2.35  2.077 -0.32 
 2.32667  2.1 -0.32 
 2.3  2.1256 -0.32 
 2.27504  2.15 -0.32 
 2.25  2.17439 -0.32 
 2.22414  2.2 -0.32 
 2.2  2.22414 -0.32 
 2.17439  2.25 -0.32 
 2.15  2.27504 -0.32 
 2.1256  2.3 -0.32 
 2.1  2.32667 -0.32 
 2.077  2.35 -0.32 
 2.05  2.37829 -0.32 
 2.02875  2.4 -0.32 
 2  2.43071 -0.32 
 1.98115  2.45 -0.32 
 1.95  2.48386 -0.32 
 1.93425  2.5 -0.32 
 1.9  2.53743 -0.32 
 1.8874  2.55 -0.32 
 1.85  2.59006 -0.32 
 1.83935  2.6 -0.32 
 1.8  2.64204 -0.32 
 1.75  2.68526 -0.32 
 1.72725  2.7 -0.32 
 1.7  2.72201 -0.32 
 1.65  2.74739 -0.32 
 1.6  2.75598 -0.32 
 1.55  2.75547 -0.32 
 1.5  2.75503 -0.32 
 1.45  2.75498 -0.32 
 1.4  2.75526 -0.32 
 1.35  2.75566 -0.32 
 1.3  2.75603 -0.32 
 1.25  2.75625 -0.32 


# Contour 17, label:    -0.34
 2.90925  1.25 -0.34 
 2.90768  1.3 -0.34 
 2.90632  1.35 -0.34 
 2.90529  1.4 -0.34 
 2.90485  1.45 -0.34 
 2.90501  1.5 -0.34 
 2.9061  1.55 -0.34 
 2.90789  1.6 -0.34 
 2.9  1.62892 -0.34 
 2.89574  1.65 -0.34 
 2.86455  1.7 -0.34 
 2.81409  1.75 -0.34 
 2.8  1.76052 -0.34 
 2.75867  1.8 -0.34 
 2.7  1.8454 -0.34 
 2.69519  1.85 -0.34 
 2.63474  1.9 -0.34 
 2.6  1.92559 -0.34 
 2.57111  1.95 -0.34 
 2.55  1.96685 -0.34 
 2.5112  2 -0.34 
 2.5  2.00927 -0.34 
 2.45395  2.05 -0.34 
 2.45  2.05341 -0.34 
 2.4  2.09906 -0.34 
 2.39901  2.1 -0.34 
 2.35  2.14576 -0.34 
 2.34557  2.15 -0.34 
 2.3  2.19308 -0.34 
 2.2929  2.2 -0.34 
 2.25  2.24235 -0.34 
 2.24235  2.25 -0.34 
 2.2  2.2929 -0.34 
 2.19308  2.3 -0.34 
 2.15  2.34557 -0.34 
 2.14576  2.35 -0.34 
 2.1  2.39901 -0.34 
 2.09906  2.4 -0.34 
 2.05341  2.45 -0.34 
 2.05  2.45395 -0.34 
 2.00927  2.5 -0.34 
 2  2.5112 -0.34 
 1.96685  2.55 -0.34 
 1.95  2.57111 -0.34 
 1.92559  2.6 -0.34 
 1.9  2.63474 -0.34 
 1.85  2.69519 -0.34 
 1.8454  2.7 -0.34 
 1.8  2.75867 -0.34 
 1.76052  2.8 -0.34 
 1.75  2.81409 -0.34 
 1.7  2.86455 -0.34 
 1.65  2.89574 -0.34 
 1.62892  2.9 -0.34 
 1.6  2.90789 -0.34 
 1.55  2.9061 -0.34 
 1.5  2.90501 -0.34 
 1.45  2.90485 -0.34 
 1.4  2.90529 -0.34 
 1.35  2.90632 -0.34 
 1.3  2.90768 -0.34 
 1.25  2.90925 -0.34 


# Contour 18, label:    -0.36
 3.28088  1.25 -0.36 
 3.26745  1.3 -0.36 
 3.25728  1.35 -0.36 
 3.25143  1.4 -0.36 
 3.2489  1.45 -0.36 
 3.25007  1.5 -0.36 
 3.25827  1.55 -0.36 
 3.27227  1.6 -0.36 
 3.22292  1.65 -0.36 
 3.2  1.6568 -0.36 
 3.12097  1.7 -0.36 
 3.1  1.70709 -0.36 
 3.01925  1.75 -0.36 
 3  1.75773 -0.36 
 2.92572  1.8 -0.36 
 2.9  1.81202 -0.36 
 2.83875  1.85 -0.36 
 2.8  1.8706 -0.36 
 2.75662  1.9 -0.36 
 2.7  1.93411 -0.36 
 2.67873  1.95 -0.36 
 2.60653  2 -0.36 
 2.6  2.00432 -0.36 
 2.55  2.04268 -0.36 
 2.54111  2.05 -0.36 
 2.5  2.08315 -0.36 
 2.48041  2.1 -0.36 
 2.45  2.12583 -0.36 
 2.42295  2.15 -0.36 
 2.4  2.17019 -0.36 
 2.36733  2.2 -0.36 
 2.35  2.21604 -0.36 
 2.31465  2.25 -0.36 
 2.3  2.2643 -0.36 
 2.2643  2.3 -0.36 
 2.25  2.31465 -0.36 
 2.21605  2.35 -0.36 
 2.2  2.36734 -0.36 
 2.17019  2.4 -0.36 
 2.15  2.42295 -0.36 
 2.12583  2.45 -0.36 
 2.1  2.48041 -0.36 
 2.08315  2.5 -0.36 
 2.05  2.54111 -0.36 
 2.04268  2.55 -0.36 
 2.00432  2.6 -0.36 
 2  2.60653 -0.36 
 1.95  2.67873 -0.36 
 1.93411  2.7 -0.36 
 1.9  2.75662 -0.36 
 1.8706  2.8 -0.36 
 1.85  2.83875 -0.36 
 1.81202  2.9 -0.36 
 1.8  2.92572 -0.36 
 1.75773  3 -0.36 
 1.75  3.01925 -0.36 
 1.70709  3.1 -0.36 
 1.7  3.12083 -0.36 
 1.65675  3.2 -0.36 
 1.65  3.22292 -0.36 
 1.6  3.27229 -0.36 
 1.55  3.25827 -0.36 
 1.5  3.25007 -0.36 
 1.45  3.2489 -0.36 
 1.4  3.25143 -0.36 
 1.35  3.25728 -0.36 
 1.3  3.26745 -0.36 
 1.25  3.28088 -0.36 


# Contour 19, label:    -0.38
 4  1.80883 -0.38 
 3.75  1.80885 -0.38 
 3.5  1.80886 -0.38 
 3.3  1.81414 -0.38 
 3.2  1.82589 -0.38 
 3.1  1.84703 -0.38 
 3.09091  1.85 -0.38 
 3  1.87592 -0.38 
 2.93959  1.9 -0.38 
 2.9  1.91396 -0.38 
 2.8237  1.95 -0.38 
 2.8  1.96027 -0.38 
 2.72927  2 -0.38 
 2.7  2.0156 -0.38 
 2.64853  2.05 -0.38 
 2.6  2.08143 -0.38 
 2.57504  2.1 -0.38 
 2.55  2.1185 -0.38 
 2.51021  2.15 -0.38 
 2.5  2.15808 -0.38 
 2.45  2.19976 -0.38 
 2.44973  2.2 -0.38 
 2.4  2.24382 -0.38 
 2.39331  2.25 -0.38 
 2.35  2.29079 -0.38 
 2.34056  2.3 -0.38 
 2.3  2.34056 -0.38 
 2.29079  2.35 -0.38 
 2.25  2.39331 -0.38 
 2.24382  2.4 -0.38 
 2.2  2.44973 -0.38 
 2.19976  2.45 -0.38 
 2.15808  2.5 -0.38 
 2.15  2.51021 -0.38 
 2.1185  2.55 -0.38 
 2.1  2.57504 -0.38 
 2.08143  2.6 -0.38 
 2.05  2.64853 -0.38 
 2.0156  2.7 -0.38 
 2  2.72927 -0.38 
 1.96027  2.8 -0.38 
 1.95  2.8237 -0.38 
 1.91395  2.9 -0.38 
 1.9  2.93917 -0.38 
 1.87571  3 -0.38 
 1.85  3.09091 -0.38 
 1.84703  3.1 -0.38 
 1.82589  3.2 -0.38 
 1.81414  3.3 -0.38 
 1.80886  3.5 -0.38 
 1.80885  3.75 -0.38 
 1.80883  4 -0.38 


# Contour 20, label:     -0.4
 4  1.92313 -0.4 
 3.75  1.92321 -0.4 
 3.5  1.92337 -0.4 
 3.3  1.92722 -0.4 
 3.2  1.93551 -0.4 
 3.10376  1.95 -0.4 
 3.1  1.95052 -0.4 
 3  1.97229 -0.4 
 2.91092  2 -0.4 
 2.9  2.00318 -0.4 
 2.8  2.04376 -0.4 
 2.78832  2.05 -0.4 
 2.7  2.09576 -0.4 
 2.69351  2.1 -0.4 
 2.61591  2.15 -0.4 
 2.6  2.16016 -0.4 
 2.55  2.19677 -0.4 
 2.54589  2.2 -0.4 
 2.5  2.23582 -0.4 
 2.48287  2.25 -0.4 
 2.45  2.278 -0.4 
 2.42547  2.3 -0.4 
 2.4  2.32352 -0.4 
 2.37254  2.35 -0.4 
 2.35  2.37254 -0.4 
 2.32352  2.4 -0.4 
 2.3  2.42547 -0.4 
 2.278  2.45 -0.4 
 2.25  2.48287 -0.4 
 2.23582  2.5 -0.4 
 2.2  2.54589 -0.4 
 2.19677  2.55 -0.4 
 2.16016  2.6 -0.4 
 2.15  2.61591 -0.4 
 2.1  2.69351 -0.4 
 2.09576  2.7 -0.4 
 2.05  2.78832 -0.4 
 2.04376  2.8 -0.4 
 2.00318  2.9 -0.4 
 2  2.91092 -0.4 
 1.97229  3 -0.4 
 1.95052  3.1 -0.4 
 1.95  3.10376 -0.4 
 1.93551  3.2 -0.4 
 1.92711  3.3 -0.4 
 1.92337  3.5 -0.4 
 1.92321  3.75 -0.4 
 1.92312  4 -0.4 


# Contour 21, label:    -0.42
 4  2.02534 -0.42 
 3.75  2.02574 -0.42 
 3.5  2.02652 -0.42 
 3.3  2.02904 -0.42 
 3.2  2.03394 -0.42 
 3.1  2.0442 -0.42 
 3.06823  2.05 -0.42 
 3  2.06185 -0.42 
 2.9  2.08852 -0.42 
 2.87044  2.1 -0.42 
 2.8  2.12717 -0.42 
 2.7555  2.15 -0.42 
 2.7  2.17849 -0.42 
 2.66663  2.2 -0.42 
 2.6  2.24231 -0.42 
 2.58934  2.25 -0.42 
 2.55  2.27927 -0.42 
 2.5239  2.3 -0.42 
 2.5  2.31963 -0.42 
 2.4651  2.35 -0.42 
 2.45  2.36368 -0.42 
 2.41198  2.4 -0.42 
 2.4  2.41198 -0.42 
 2.36368  2.45 -0.42 
 2.35  2.4651 -0.42 
 2.31963  2.5 -0.42 
 2.3  2.5239 -0.42 
 2.27927  2.55 -0.42 
 2.25  2.58934 -0.42 
 2.24231  2.6 -0.42 
 2.2  2.66663 -0.42 
 2.17849  2.7 -0.42 
 2.15  2.7555 -0.42 
 2.12717  2.8 -0.42 
 2.1  2.87044 -0.42 
 2.08852  2.9 -0.42 
 2.06185  3 -0.42 
 2.05  3.06823 -0.42 
 2.0442  3.1 -0.42 
 2.03395  3.2 -0.42 
 2.02903  3.3 -0.42 
 2.02656  3.5 -0.42 
 2.02574  3.75 -0.42 
 2.02534  4 -0.42 


# Contour 22, label:    -0.44
 4  2.11329 -0.44 
 3.75  2.12309 -0.44 
 3.5  2.10985 -0.44 
 3.3  2.11084 -0.44 
 3.2  2.12633 -0.44 
 3.1  2.13338 -0.44 
 3  2.14902 -0.44 
 2.99622  2.15 -0.44 
 2.9  2.17547 -0.44 
 2.83629  2.2 -0.44 
 2.8  2.21403 -0.44 
 2.72975  2.25 -0.44 
 2.7  2.26596 -0.44 
 2.64844  2.3 -0.44 
 2.6  2.33225 -0.44 
 2.57655  2.35 -0.44 
 2.55  2.37102 -0.44 
 2.51573  2.4 -0.44 
 2.5  2.414 -0.44 
 2.46194  2.45 -0.44 
 2.45  2.46194 -0.44 
 2.414  2.5 -0.44 
 2.4  2.51573 -0.44 
 2.37102  2.55 -0.44 
 2.35  2.57655 -0.44 
 2.33225  2.6 -0.44 
 2.3  2.64844 -0.44 
 2.26596  2.7 -0.44 
 2.25  2.72975 -0.44 
 2.21403  2.8 -0.44 
 2.2  2.83629 -0.44 
 2.17547  2.9 -0.44 
 2.15  2.99622 -0.44 
 2.14902  3 -0.44 
 2.13338  3.1 -0.44 
 2.12633  3.2 -0.44 
 2.11371  3.3 -0.44 
 2.10965  3.5 -0.44 
 2.12309  3.75 -0.44 
 2.11342  4 -0.44 


# Contour 23, label:    -0.46
 4  2.2089 -0.46 
 3.75  2.20951 -0.46 
 3.5  2.20859 -0.46 
 3.3  2.20967 -0.46 
 3.2  2.21276 -0.46 
 3.1  2.22063 -0.46 
 3  2.23738 -0.46 
 2.95333  2.25 -0.46 
 2.9  2.267 -0.46 
 2.82156  2.3 -0.46 
 2.8  2.30934 -0.46 
 2.72617  2.35 -0.46 
 2.7  2.36478 -0.46 
 2.64968  2.4 -0.46 
 2.6  2.43569 -0.46 
 2.58259  2.45 -0.46 
 2.55  2.47847 -0.46 
 2.52702  2.5 -0.46 
 2.5  2.52702 -0.46 
 2.47847  2.55 -0.46 
 2.45  2.58259 -0.46 
 2.43569  2.6 -0.46 
 2.4  2.64968 -0.46 
 2.36482  2.7 -0.46 
 2.35  2.72624 -0.46 
 2.30934  2.8 -0.46 
 2.3  2.82156 -0.46 
 2.26728  2.9 -0.46 
 2.25  2.95396 -0.46 
 2.23738  3 -0.46 
 2.22022  3.1 -0.46 
 2.21276  3.2 -0.46 
 2.20967  3.3 -0.46 
 2.20859  3.5 -0.46 
 2.20952  3.75 -0.46 
 2.2089  4 -0.46 


# Contour 24, label:    -0.48
 4  2.29632 -0.48 
 3.75  2.29633 -0.48 
 3.5  2.29634 -0.48 
 3.3  2.29962 -0.48 
 3.29482  2.3 -0.48 
 3.2  2.30765 -0.48 
 3.1  2.32153 -0.48 
 3  2.34375 -0.48 
 2.98056  2.35 -0.48 
 2.9  2.37708 -0.48 
 2.84805  2.4 -0.48 
 2.8  2.42235 -0.48 
 2.75341  2.45 -0.48 
 2.7  2.48304 -0.48 
 2.67812  2.5 -0.48 
 2.6168  2.55 -0.48 
 2.6  2.56453 -0.48 
 2.56455  2.6 -0.48 
 2.55  2.61683 -0.48 
 2.5  2.67812 -0.48 
 2.48304  2.7 -0.48 
 2.45  2.75341 -0.48 
 2.42235  2.8 -0.48 
 2.4  2.84805 -0.48 
 2.37708  2.9 -0.48 
 2.35  2.98056 -0.48 
 2.34375  3 -0.48 
 2.32152  3.1 -0.48 
 2.30765  3.2 -0.48 
 2.3  3.29482 -0.48 
 2.29962  3.3 -0.48 
 2.29634  3.5 -0.48 
 2.29633  3.75 -0.48 
 2.29632  4 -0.48 


# Contour 25, label:     -0.5
 4  2.42707 -0.5 
 3.75  2.42708 -0.5 
 3.5  2.42705 -0.5 
 3.3  2.43053 -0.5 
 3.2  2.43884 -0.5 
 3.12487  2.45 -0.5 
 3.1  2.45404 -0.5 
 3  2.4783 -0.5 
 2.93906  2.5 -0.5 
 2.9  2.51492 -0.5 
 2.83226  2.55 -0.5 
 2.8  2.56783 -0.5 
 2.75536  2.6 -0.5 
 2.7  2.64528 -0.5 
 2.64527  2.7 -0.5 
 2.6  2.75535 -0.5 
 2.56782  2.8 -0.5 
 2.55  2.83225 -0.5 
 2.51492  2.9 -0.5 
 2.5  2.939 -0.5 
 2.47827  3 -0.5 
 2.45404  3.1 -0.5 
 2.45  3.12487 -0.5 
 2.43884  3.2 -0.5 
 2.43053  3.3 -0.5 
 2.42705  3.5 -0.5 
 2.42708  3.75 -0.5 
 2.42707  4 -0.5 


# Contour 26, label:    -0.52
 4  2.61508 -0.52 
 3.75  2.61448 -0.52 
 3.5  2.61439 -0.52 
 3.3  2.61896 -0.52 
 3.2  2.62948 -0.52 
 3.1  2.64898 -0.52 
 3  2.6792 -0.52 
 2.95287  2.7 -0.52 
 2.9  2.73006 -0.52 
 2.80785  2.8 -0.52 
 2.8  2.80785 -0.52 
 2.73006  2.9 -0.52 
 2.7  2.95287 -0.52 
 2.6792  3 -0.52 
 2.64898  3.1 -0.52 
 2.62948  3.2 -0.52 
 2.61896  3.3 -0.52 
 2.61439  3.5 -0.52 
 2.61448  3.75 -0.52 
 2.61508  4 -0.52 


# Contour 27, label:    -0.54
 4  3.18822 -0.54 
 3.75  3.18807 -0.54 
 3.5  3.18776 -0.54 
 3.37447  3.2 -0.54 
 3.3  3.21683 -0.54 
 3.21683  3.3 -0.54 
 3.2  3.37447 -0.54 
 3.18776  3.5 -0.54 
 3.18807  3.75 -0.54 
 3.18822  4 -0.54 

