
# Surface 0 of 1 surfaces

# Curve title: "'zpe.map12' using 1:2:8"

# Contour 0, label:        0
 1.6048  1.35  0 
 1.6  1.3047  0 
 1.56974  1.35  0 
 1.55  1.37585  0 
 1.52807  1.4  0 
 1.5  1.42406  0 
 1.47283  1.45  0 
 1.45  1.47283  0 
 1.42406  1.5  0 
 1.4  1.52807  0 
 1.37585  1.55  0 
 1.35  1.56974  0 
 1.3047  1.6  0 
 1.35  1.6048  0 
 1.4  1.61071  0 
 1.45  1.61629  0 
 1.5  1.62225  0 
 1.55  1.62953  0 
 1.6  1.64233  0 
 1.64233  1.6  0 
 1.62943  1.55  0 
 1.62225  1.5  0 
 1.61629  1.45  0 
 1.61071  1.4  0 
 1.6048  1.35  0 


# Contour 1, label:     -0.1
 2.02015  1.25 -0.1 
 2.02024  1.3 -0.1 
 2.02051  1.35 -0.1 
 2.02094  1.4 -0.1 
 2.02143  1.45 -0.1 
 2.02192  1.5 -0.1 
 2.0224  1.55 -0.1 
 2.02276  1.6 -0.1 
 2.01808  1.65 -0.1 
 2.0042  1.7 -0.1 
 2  1.70953 -0.1 
 1.98152  1.75 -0.1 
 1.95119  1.8 -0.1 
 1.95  1.80162 -0.1 
 1.91279  1.85 -0.1 
 1.9  1.86478 -0.1 
 1.86478  1.9 -0.1 
 1.85  1.91279 -0.1 
 1.80162  1.95 -0.1 
 1.8  1.95119 -0.1 
 1.75  1.98152 -0.1 
 1.70953  2 -0.1 
 1.7  2.0042 -0.1 
 1.65  2.01808 -0.1 
 1.6  2.02276 -0.1 
 1.55  2.0224 -0.1 
 1.5  2.02192 -0.1 
 1.45  2.02143 -0.1 
 1.4  2.02094 -0.1 
 1.35  2.02051 -0.1 
 1.3  2.02024 -0.1 
 1.25  2.02015 -0.1 


# Contour 2, label:     -0.2
 2.28759  1.25 -0.2 
 2.28741  1.3 -0.2 
 2.28726  1.35 -0.2 
 2.28732  1.4 -0.2 
 2.28746  1.45 -0.2 
 2.28758  1.5 -0.2 
 2.28763  1.55 -0.2 
 2.28747  1.6 -0.2 
 2.28247  1.65 -0.2 
 2.26865  1.7 -0.2 
 2.25  1.74257 -0.2 
 2.24685  1.75 -0.2 
 2.21877  1.8 -0.2 
 2.2  1.82741 -0.2 
 2.18482  1.85 -0.2 
 2.15  1.895 -0.2 
 2.14616  1.9 -0.2 
 2.10409  1.95 -0.2 
 2.1  1.95476 -0.2 
 2.06009  2 -0.2 
 2.05  2.01026 -0.2 
 2.01026  2.05 -0.2 
 2  2.06009 -0.2 
 1.95476  2.1 -0.2 
 1.95  2.10409 -0.2 
 1.9  2.14616 -0.2 
 1.895  2.15 -0.2 
 1.85  2.18482 -0.2 
 1.82741  2.2 -0.2 
 1.8  2.21877 -0.2 
 1.75  2.24685 -0.2 
 1.74257  2.25 -0.2 
 1.7  2.26865 -0.2 
 1.65  2.28247 -0.2 
 1.6  2.28746 -0.2 
 1.55  2.28763 -0.2 
 1.5  2.28758 -0.2 
 1.45  2.28746 -0.2 
 1.4  2.28732 -0.2 
 1.35  2.28726 -0.2 
 1.3  2.28741 -0.2 
 1.25  2.28759 -0.2 


# Contour 3, label:     -0.3
 2.6451  1.25 -0.3 
 2.64533  1.3 -0.3 
 2.64522  1.35 -0.3 
 2.64492  1.4 -0.3 
 2.6447  1.45 -0.3 
 2.64468  1.5 -0.3 
 2.64498  1.55 -0.3 
 2.64521  1.6 -0.3 
 2.63781  1.65 -0.3 
 2.61663  1.7 -0.3 
 2.6  1.72489 -0.3 
 2.58542  1.75 -0.3 
 2.55  1.79588 -0.3 
 2.54706  1.8 -0.3 
 2.5036  1.85 -0.3 
 2.5  1.85361 -0.3 
 2.45666  1.9 -0.3 
 2.45  1.90651 -0.3 
 2.40791  1.95 -0.3 
 2.4  1.95773 -0.3 
 2.35867  2 -0.3 
 2.35  2.00849 -0.3 
 2.30918  2.05 -0.3 
 2.3  2.05905 -0.3 
 2.25903  2.1 -0.3 
 2.25  2.10883 -0.3 
 2.20864  2.15 -0.3 
 2.2  2.15856 -0.3 
 2.15856  2.2 -0.3 
 2.15  2.20864 -0.3 
 2.10883  2.25 -0.3 
 2.1  2.25903 -0.3 
 2.05905  2.3 -0.3 
 2.05  2.30918 -0.3 
 2.00849  2.35 -0.3 
 2  2.35867 -0.3 
 1.95773  2.4 -0.3 
 1.95  2.40791 -0.3 
 1.90651  2.45 -0.3 
 1.9  2.45666 -0.3 
 1.85361  2.5 -0.3 
 1.85  2.5036 -0.3 
 1.8  2.54706 -0.3 
 1.79588  2.55 -0.3 
 1.75  2.58542 -0.3 
 1.72489  2.6 -0.3 
 1.7  2.61663 -0.3 
 1.65  2.63781 -0.3 
 1.6  2.64521 -0.3 
 1.55  2.64498 -0.3 
 1.5  2.64468 -0.3 
 1.45  2.6447 -0.3 
 1.4  2.64492 -0.3 
 1.35  2.64522 -0.3 
 1.3  2.64533 -0.3 
 1.25  2.6451 -0.3 


# Contour 4, label:     -0.4
 4  1.92313 -0.4 
 3.75  1.92321 -0.4 
 3.5  1.92337 -0.4 
 3.3  1.92722 -0.4 
 3.2  1.93551 -0.4 
 3.10376  1.95 -0.4 
 3.1  1.95052 -0.4 
 3  1.97229 -0.4 
 2.91092  2 -0.4 
 2.9  2.00318 -0.4 
 2.8  2.04376 -0.4 
 2.78832  2.05 -0.4 
 2.7  2.09576 -0.4 
 2.69351  2.1 -0.4 
 2.61591  2.15 -0.4 
 2.6  2.16016 -0.4 
 2.55  2.19677 -0.4 
 2.54589  2.2 -0.4 
 2.5  2.23582 -0.4 
 2.48287  2.25 -0.4 
 2.45  2.278 -0.4 
 2.42547  2.3 -0.4 
 2.4  2.32352 -0.4 
 2.37254  2.35 -0.4 
 2.35  2.37254 -0.4 
 2.32352  2.4 -0.4 
 2.3  2.42547 -0.4 
 2.278  2.45 -0.4 
 2.25  2.48287 -0.4 
 2.23582  2.5 -0.4 
 2.2  2.54589 -0.4 
 2.19677  2.55 -0.4 
 2.16016  2.6 -0.4 
 2.15  2.61591 -0.4 
 2.1  2.69351 -0.4 
 2.09576  2.7 -0.4 
 2.05  2.78832 -0.4 
 2.04376  2.8 -0.4 
 2.00318  2.9 -0.4 
 2  2.91092 -0.4 
 1.97229  3 -0.4 
 1.95052  3.1 -0.4 
 1.95  3.10376 -0.4 
 1.93551  3.2 -0.4 
 1.92711  3.3 -0.4 
 1.92337  3.5 -0.4 
 1.92321  3.75 -0.4 
 1.92312  4 -0.4 


# Contour 5, label:     -0.5
 4  2.42707 -0.5 
 3.75  2.42708 -0.5 
 3.5  2.42705 -0.5 
 3.3  2.43053 -0.5 
 3.2  2.43884 -0.5 
 3.12487  2.45 -0.5 
 3.1  2.45404 -0.5 
 3  2.4783 -0.5 
 2.93906  2.5 -0.5 
 2.9  2.51492 -0.5 
 2.83226  2.55 -0.5 
 2.8  2.56783 -0.5 
 2.75536  2.6 -0.5 
 2.7  2.64528 -0.5 
 2.64527  2.7 -0.5 
 2.6  2.75535 -0.5 
 2.56782  2.8 -0.5 
 2.55  2.83225 -0.5 
 2.51492  2.9 -0.5 
 2.5  2.939 -0.5 
 2.47827  3 -0.5 
 2.45404  3.1 -0.5 
 2.45  3.12487 -0.5 
 2.43884  3.2 -0.5 
 2.43053  3.3 -0.5 
 2.42705  3.5 -0.5 
 2.42708  3.75 -0.5 
 2.42707  4 -0.5 

