 traj, time, etot, rexcmax, rexcfin, vexcfin
     1       -9663.60     0.15007483     1.52724075     1.47766205     0.00552415
     2       10000.00     0.14371553     1.51475204     1.51475204     0.01151077
     3       10000.00     0.16044613     1.56101814     1.55203560     0.01271010
     4       10000.00     0.15225001     1.54944494     1.48360474     0.00096782
     5       10000.00     0.15455461     1.58784840     1.49117097     0.00610733
     6       10000.00     0.15154110     1.54856386     1.50959436    -0.00617647
     7       10000.00     0.15154110     1.54856386     1.50959436    -0.00617647
     8       10000.00     0.16162237     1.57574816     1.53719607     0.00038347
     9       10000.00     0.15704834     1.54649628     1.47775376    -0.00255667
    10         348.80     0.15961461     1.55569325     1.51199237     0.00615170
    11       10000.00     0.15033449     1.57395746     1.51446344    -0.01385191
    12         351.60     0.15208546     1.54782810     1.47457139    -0.01222487
    13       10000.00     0.15953539     1.53339724     1.50980509    -0.00834191
    14         384.50     0.16199384     1.60674467     1.49170771    -0.00010812
    15       10000.00     0.14042800     1.54118223     1.46920875    -0.00252772
    16         308.90     0.16386972     1.58703806     1.58229257    -0.00237274
    17       10000.00     0.14693790     1.55278177     1.49019725     0.00923872
    18       10000.00     0.15386549     1.52355133     1.52033413    -0.00001468
    19       10000.00     0.14903556     1.62714991     1.62714991     0.01348802
    20       10000.00     0.15656076     1.52680998     1.47666795     0.00338628
    21       -7636.00     0.15775569     1.52914675     1.43021402     0.01347521
    22       10000.00     0.16109318     1.53986641     1.52474218    -0.00756212
    23       -4086.10     0.15338486     1.56888822     1.56888822     0.01155816
    24       10000.00     0.15484343     1.54853233     1.43502528     0.00110406
    25       -8252.30     0.16304393     1.57151693     1.40939143    -0.01484061
    26         460.80     0.17097551     1.61674455     1.50335153    -0.00637431
    27         352.00     0.16517689     1.62382666     1.45146889     0.00248415
    28       10000.00     0.15315507     1.58904566     1.45111874    -0.00240048
    29       -4203.30     0.15309581     1.52841498     1.47665453     0.00598952
    30       -7165.90     0.14818455     1.55992582     1.49839116     0.00447001
    31        3138.20     0.15055456     1.53531370     1.50671125     0.00092337
    32         566.90     0.16013060     1.54313978     1.53319557     0.01325559
    33       10000.00     0.16013060     1.54313978     1.50258371    -0.01252340
    34       10000.00     0.14806904     1.54038626     1.51984206    -0.00784214
    35       10000.00     0.14565581     1.55376742     1.50014230    -0.00392051
    36       10000.00     0.16496742     1.76408127     1.71622948    -0.01096090
    37       10000.00     0.14571788     1.52134503     1.49381559     0.00161785
    38       10000.00     0.15470313     1.56425427     1.51828860    -0.00678089
    39       10000.00     0.16563147     1.55864681     1.49011883     0.00104103
    40       -1633.70     0.16386606     1.54751496     1.51567312    -0.00388826
    41       10000.00     0.16366088     1.60402664     1.47371677     0.00055510
    42       10000.00     0.16158612     1.55812709     1.50477698    -0.01181567
    43       -5652.30     0.13891857     1.54308625     1.45952784     0.00215264
    44       10000.00     0.15269406     1.57737853     1.57737853     0.00557210
    45       10000.00     0.16018714     1.59000345     1.59000345     0.00838111
    46         308.50     0.15549953     1.54359584     1.51225329    -0.00531570
    47       10000.00     0.15773480     1.55362581     1.51131856    -0.00186572
    48       10000.00     0.14999247     1.53919183     1.51273861    -0.00886633
    49       10000.00     0.15099441     1.54931889     1.48870259     0.00829985
    50       10000.00     0.14556214     1.56792707     1.52178434     0.00415361
    51       10000.00     0.17223002     1.59463359     1.47473968     0.01635217
    52       10000.00     0.15012765     1.56012950     1.51699082    -0.00916462
    53       -4214.80     0.15653685     1.56005064     1.54996904    -0.00377441
    54       10000.00     0.14910964     1.55953647     1.48006010     0.00182709
    55       10000.00     0.15163269     1.53400506     1.50563545     0.00006886
    56         351.00     0.15582561     1.53086943     1.52059068    -0.00333136
    57       10000.00     0.15454150     1.57560016     1.57560016     0.00710628
    58       10000.00     0.14535881     1.53788646     1.51371539     0.00960683
    59       10000.00     0.15213562     1.53819723     1.53819723     0.00978466
    60       10000.00     0.15045224     1.59163385     1.59163385     0.00726474
    61       10000.00     0.14534590     1.57642135     1.44630620     0.00476557
    62       10000.00     0.15040770     1.56079030     1.42807472    -0.00811754
    63       10000.00     0.14630949     1.55103051     1.55103051     0.01216394
    64       -5073.70     0.14884650     1.57050366     1.49157022    -0.00516943
    65       10000.00     0.15531794     1.54754266     1.54458104    -0.00148081
    66         269.60     0.14426589     1.55802161     1.55802161     0.00448850
    67         285.00     0.14426589     1.55802161     1.55802161     0.00448850
    68       10000.00     0.15477019     1.56805970     1.41847386    -0.00237441
    69       -4663.70     0.15915931     1.53717386     1.53717386     0.00187715
    70         408.30     0.17459389     1.64391937     1.49132881    -0.00508807
    71       10000.00     0.17459389     1.64391937     1.48405806    -0.00363537
    72         456.10     0.17459389     1.64391937     1.47483353    -0.00101390
    73       10000.00     0.17459389     1.64391937     1.47249538    -0.01113566
    74       10000.00     0.14732828     1.53598859     1.53598859     0.00762766
    75       10000.00     0.15736786     1.55997230     1.50391573     0.00385185
    76       10000.00     0.14917635     1.55325096     1.55325096     0.00770795
    77       10000.00     0.13769236     1.49888978     1.49888978     0.00986156
    78       10000.00     0.17010835     1.53277523     1.50880576     0.00095844
    79       10000.00     0.15240276     1.55044526     1.48131160    -0.00439464
    80       10000.00     0.14765615     1.56628378     1.56531146    -0.00048616
    81       10000.00     0.14737077     1.51906932     1.45654279    -0.00652340
    82       10000.00     0.13836142     1.52681902     1.51569389    -0.00406706
    83       10000.00     0.16904577     1.60242997     1.60242997     0.01588060
    84        -407.40     0.14931005     1.53815721     1.53815721     0.00525928
    85       10000.00     0.15360903     1.53668072     1.51402595    -0.00383134
    86       10000.00     0.14885871     1.52582981     1.52582981     0.00306781
    87       10000.00     0.15873262     1.54610977     1.54610977     0.01583816
    88         385.80     0.14645218     1.55609093     1.55005131    -0.00301981
    89       10000.00     0.15663360     1.52872713     1.52696021    -0.00088346
    90       -9589.50     0.15199543     1.58508175     1.55639057    -0.00903870
    91       10000.00     0.15199543     1.58508175     1.51862755     0.00329388
    92         428.10     0.16167190     1.57727300     1.53462831    -0.00770497
    93       10000.00     0.15996485     1.56171167     1.50328113     0.00456994
    94         340.10     0.15107654     1.53648574     1.44601640    -0.00668245
    95       10000.00     0.15470655     1.53719928     1.52366913    -0.00410201
    96       10000.00     0.15794271     1.58618169     1.48762398     0.00439039
    97       10000.00     0.15266310     1.52801608     1.52801608     0.01888178
    98       10000.00     0.14581451     1.55854886     1.49522822    -0.00790620
    99       10000.00     0.14520408     1.55382801     1.48258803     0.00760694
   100       -2469.10     0.14407797     1.55089040     1.43091497    -0.00422123
   101       10000.00     0.14407797     1.55089040     1.43091497    -0.00422123
   102       10000.00     0.16079292     1.55038327     1.49064104    -0.00271919
   103       10000.00     0.15794403     1.55629213     1.55629213     0.00095078
   104       10000.00     0.15858615     1.60188898     1.60188898     0.00688534
   105       10000.00     0.15913611     1.54081523     1.54081523     0.00599180
   106       10000.00     0.14104822     1.52111859     1.52111859     0.00613589
   107       10000.00     0.16336767     1.53476401     1.53476401     0.00606294
   108       10000.00     0.16336767     1.53476401     1.53476401     0.00606294
   109       10000.00     0.16161343     1.79005297     1.79005297     0.01057396
   110         250.20     0.15260368     1.52764459     1.44249082    -0.00610884
   111       10000.00     0.15506345     1.54042133     1.52611980    -0.00715076
   112       10000.00     0.15107556     1.53661769     1.45335651    -0.00771645
   113       10000.00     0.13920097     1.52403956     1.52403956     0.00517939
   114       -6165.50     0.16248145     1.57180153     1.56870823    -0.00154665
   115       10000.00     0.15207345     1.58155369     1.51042856     0.01246313
   116       10000.00     0.15687977     1.52168613     1.50780979    -0.00122059
   117        6302.50     0.16085787     1.53174033     1.52940238    -0.00116897
   118       10000.00     0.13998076     1.53208135     1.48283264     0.00699422
   119       -1425.90     0.16021001     1.69353732     1.69353732     0.01457857
   120       10000.00     0.16059946     1.54005923     1.52717920     0.00126651
   121       10000.00     0.15340421     1.54337127     1.48809463     0.01285584
   122         412.50     0.14336047     1.53356388     1.53356388     0.00540787
   123         411.80     0.14336047     1.52460232     1.52274813     0.00774419
   124       10000.00     0.15368634     1.59863212     1.48558619    -0.00499085
   125       10000.00     0.15277856     1.56240007     1.56240007     0.01122419
   126       10000.00     0.16086735     1.52665888     1.50014612     0.00186593
   127       10000.00     0.14931869     1.53499913     1.51865235     0.00046033
   128       10000.00     0.15224480     1.52475268     1.45862993    -0.01039119
   129       10000.00     0.14990023     1.55390084     1.55390084     0.00639486
   130       10000.00     0.16433958     1.55930509     1.49575928    -0.00113082
   131       10000.00     0.14715945     1.54757963     1.45422619     0.01125569
   132       10000.00     0.15401980     1.55075147     1.52881215     0.00331715
   133       10000.00     0.15401980     1.55075147     1.53778668     0.00448727
   134       10000.00     0.13434166     1.53645229     1.46932998    -0.00301109
   135       10000.00     0.14364951     1.56128574     1.51552505     0.00642685
   136       10000.00     0.15574285     1.57533485     1.46693683     0.00145064
   137       10000.00     0.14705029     1.56953192     1.54111625     0.01540454
   138       10000.00     0.15810005     1.58237194     1.57337873    -0.00449661
   139       10000.00     0.14808457     1.52777321     1.46329031     0.00406114
   140       10000.00     0.15381507     1.56508993     1.47737682    -0.00224714
   141       10000.00     0.16030339     1.54111555     1.51296519    -0.00035098
   142       10000.00     0.16617051     1.58031927     1.58031927     0.00422971
   143       -9506.80     0.16291457     1.53545867     1.47561688    -0.00710850
   144       10000.00     0.14759428     1.55537925     1.55537925     0.00647557
   145       10000.00     0.14063756     1.54070747     1.45836541    -0.00066763
   146       10000.00     0.16213686     1.63167334     1.53630227     0.00649391
   147       10000.00     0.15343825     1.55687752     1.48172158     0.00388926
   148       10000.00     0.16621594     1.59419642     1.47754128    -0.01685917
   149       -9206.60     0.15276265     1.58762537     1.48661660    -0.00714859
   150       10000.00     0.15427924     1.60219180     1.60219180     0.01185200
   151       10000.00     0.14050315     1.53160994     1.49501498    -0.00834330
   152       -5100.10     0.15136894     1.51470381     1.48052971     0.00407516
   153       -7652.60     0.14246758     1.61223129     1.45628834     0.00432222
   154       10000.00     0.14629381     1.53493099     1.52736090     0.00457038
   155         351.90     0.14519152     1.53141174     1.46404122     0.00750749
   156       10000.00     0.14567104     1.53729651     1.52121372     0.00275775
   157       10000.00     0.15075227     1.56604018     1.50082643     0.00763490
   158       10000.00     0.15373578     1.54124877     1.52093631     0.00582233
   159       10000.00     0.15644389     1.51618274     1.49780515     0.00516473
   160       10000.00     0.16326624     1.59233396     1.46771013     0.00656848
   161        5240.70     0.16068593     1.53132640     1.53132640     0.00563301
   162       10000.00     0.14676880     1.53364642     1.51916452     0.00114249
   163       10000.00     0.15396197     1.54383547     1.53527072    -0.00125836
   164       10000.00     0.14206679     1.55164909     1.52049961     0.00947958
   165       -9727.70     0.14303547     1.51370080     1.51370080     0.00018238
   166       10000.00     0.14404854     1.50020479     1.47745950     0.00298666
   167       10000.00     0.15826706     1.56602437     1.56602437     0.01086495
   168       10000.00     0.15826706     1.59019174     1.53428877    -0.01099287
   169       -9704.30     0.16029223     1.61287202     1.48557841    -0.00325717
   170       10000.00     0.15431998     1.57745254     1.54919777    -0.00231246
   171       10000.00     0.15431998     1.57745254     1.44925807     0.01511285
   172       10000.00     0.15720124     1.54706833     1.42418257    -0.00852002
   173        -726.50     0.15649841     1.54387301     1.49967775     0.02707750
   174       10000.00     0.15867334     1.59232628     1.43680289    -0.00833555
   175        2913.30     0.15317679     1.55185391     1.49633365     0.01001739
   176       10000.00     0.15471725     1.53009455     1.51452179     0.00613353
   177        1162.60     0.15394394     1.53279548     1.52156354    -0.00254472
   178       10000.00     0.15019795     1.54137976     1.49373664    -0.01024301
   179       10000.00     0.15019795     1.54137976     1.46408761    -0.00595386
   180       10000.00     0.15268996     1.52823534     1.45108028    -0.01336593
   181       10000.00     0.14515691     1.55273793     1.46727983     0.00183765
   182       10000.00     0.14515691     1.55273793     1.49000901     0.00872930
   183       10000.00     0.15296684     1.56233649     1.56233649     0.01809976
   184       10000.00     0.15296684     1.56233649     1.56233649     0.01809976
   185       -7112.70     0.14125476     1.53828826     1.49973067     0.00999514
   186       -6728.20     0.14824393     1.53998246     1.51157442     0.01711772
   187         556.50     0.14941019     1.53921335     1.51575515     0.00490768
   188       10000.00     0.15492231     1.54828493     1.51585803     0.00566239
   189       10000.00     0.15142265     1.56928854     1.56928854     0.00845428
   190       10000.00     0.15142265     1.57180438     1.57180438     0.00125792
   191       10000.00     0.14975747     1.55775781     1.50185293    -0.00319045
   192       10000.00     0.15424402     1.52670748     1.44481243     0.01696097
   193       10000.00     0.14758902     1.55389631     1.55389631     0.00442995
   194       10000.00     0.14758902     1.52967333     1.48591059    -0.00422065
   195       10000.00     0.15316239     1.53245117     1.49432894    -0.00173432
   196       10000.00     0.14923000     1.58116313     1.56411503    -0.00746424
   197        1465.50     0.14000952     1.50258309     1.45783720    -0.00097084
   198         226.80     0.16197851     1.57964099     1.49630128    -0.01208948
   199         254.00     0.16197851     1.57964099     1.49630128    -0.01208948
   200       10000.00     0.16252410     1.53287894     1.50403213    -0.00973697
   201         536.00     0.15650102     1.56972997     1.49426013     0.01534526
   202       10000.00     0.14448872     1.51870036     1.51870036     0.01383030
   203       10000.00     0.14844200     1.53011931     1.49161209    -0.00256246
   204       10000.00     0.15368323     1.59017891     1.48476808    -0.00862548
   205       10000.00     0.14648673     1.56106878     1.50742443     0.01041770
   206       -8201.60     0.14862442     1.52655466     1.52402173     0.00612163
   207       10000.00     0.15917027     1.56807641     1.45217171     0.00450624
   208       10000.00     0.15654152     1.60339633     1.48512826     0.00216633
   209       -6143.70     0.15685660     1.51466788     1.50809765    -0.00328511
   210       10000.00     0.15218281     1.53048417     1.49751116     0.00076926
   211       10000.00     0.16186576     1.53217813     1.50740411     0.00345433
   212       10000.00     0.14375446     1.53411793     1.46967365    -0.00134995
   213       10000.00     0.14441644     1.55899056     1.45612746    -0.01267701
   214         539.80     0.16342294     1.53030608     1.46445869    -0.01540067
   215       10000.00     0.15128712     1.51543477     1.50423040     0.00026972
   216       10000.00     0.15132289     1.50969174     1.49012983     0.00025392
   217       10000.00     0.15450131     1.53739521     1.53299852     0.00632583
   218       10000.00     0.15547512     1.52874384     1.46664693    -0.00268049
   219       10000.00     0.14262260     1.51428887     1.49922034    -0.00225301
   220       10000.00     0.14736188     1.52899345     1.48620437     0.00271398
   221         303.80     0.15077849     1.53636273     1.44220689    -0.01499737
   222       10000.00     0.14709817     1.54813439     1.47093516    -0.00938440
   223       -1985.70     0.14709817     1.54813439     1.47093516    -0.00938440
   224       -1231.00     0.15779904     1.53979953     1.52151112    -0.00255320
   225       10000.00     0.15488447     1.51984779     1.51984779     0.00191620
   226       10000.00     0.14946211     1.54262067     1.53312333     0.02341369
   227       10000.00     0.16750069     1.53781393     1.46159166     0.00017281
   228       -8576.30     0.15681327     1.51509026     1.50451194     0.00113324
   229       10000.00     0.16346449     1.55417348     1.47014668     0.01983952
   230       10000.00     0.14656070     1.56874977     1.53670251     0.00537366
   231       10000.00     0.16002030     1.54555239     1.53369085     0.01114963
   232       10000.00     0.14163917     1.56063126     1.55098695     0.00134575
   233       10000.00     0.14163917     1.56063126     1.49658105    -0.00831092
   234       10000.00     0.14775057     1.52328025     1.49113486    -0.00722189
   235       -8828.70     0.14775057     1.52328025     1.48997976     0.00839881
   236       10000.00     0.14960592     1.54817644     1.51682619    -0.00247531
   237       10000.00     0.14483038     1.59213391     1.44325925    -0.00071407
   238       10000.00     0.15347823     1.53921647     1.49697037    -0.00592190
   239       10000.00     0.14749000     1.51835746     1.51492432     0.01141191
   240       10000.00     0.14749000     1.51835746     1.51492432     0.01141191
   241       10000.00     0.16314779     1.57904001     1.57904001     0.00907995
   242       10000.00     0.16118354     1.53120596     1.53120596     0.00330482
   243       10000.00     0.15730882     1.51340362     1.46658768     0.00398587
   244       10000.00     0.15730882     1.51950309     1.51950309     0.00648405
   245       10000.00     0.14441764     1.50506311     1.44962617    -0.00172912
   246       10000.00     0.16421659     1.57726619     1.54724998     0.00279117
   247         527.00     0.16421659     1.57726619     1.44047120     0.00541537
   248       10000.00     0.15226239     1.54894610     1.54399363     0.00125418
   249       10000.00     0.15226239     1.54894610     1.51591278    -0.00445941
   250       10000.00     0.15947422     1.52247838     1.52247838     0.00279681
   251       10000.00     0.14587076     1.55889953     1.52404198     0.01242343
   252       10000.00     0.14376191     1.50059992     1.45947991     0.00880323
   253       10000.00     0.15748009     1.55834809     1.45063481     0.01034968
   254       10000.00     0.15058333     1.53810617     1.53124416     0.00397669
   255       10000.00     0.16955233     1.54385852     1.51923939     0.01314435
   256       10000.00     0.15386579     1.57859885     1.43196933    -0.00075114
   257       10000.00     0.14956406     1.54887244     1.47741685     0.00728647
   258       10000.00     0.14956406     1.54887244     1.47741685     0.00728647
   259       10000.00     0.15623335     1.63865772     1.63208601    -0.00328586
   260       10000.00     0.15623335     1.55202555     1.48877995     0.01137842
   261       -7254.60     0.14873833     1.56325400     1.47407015    -0.00544587
   262         333.20     0.15627784     1.60240338     1.60240338     0.00397768
   263         571.40     0.16183810     1.56778408     1.43810865     0.00449013
   264       -1313.70     0.15599264     1.57427966     1.49956550     0.01153927
   265       10000.00     0.15467644     1.52787766     1.49587634    -0.00132725
   266       -6302.60     0.15145086     1.51810422     1.50532891    -0.00146565
   267       10000.00     0.14629266     1.52110541     1.48205310     0.02095154
   268         364.30     0.15131210     1.58376536     1.58099344    -0.00138596
   269       -7370.30     0.15160401     1.53879194     1.52100882    -0.00660264
   270       10000.00     0.15160401     1.53879194     1.52100882    -0.00660264
   271       10000.00     0.16076081     1.57100061     1.55611959     0.01245876
   272       10000.00     0.15610780     1.56628512     1.49763525    -0.00001845
   273       -8979.30     0.14718567     1.55669117     1.54053749    -0.00565963
   274       10000.00     0.17308314     1.59244297     1.59244297     0.01438253
   275       10000.00     0.14486826     1.54942570     1.45603897     0.00744106
   276       10000.00     0.16047669     1.54316044     1.44820804    -0.00650527
   277       10000.00     0.16047669     1.54316044     1.48640449    -0.00036492
   278       10000.00     0.15240520     1.55302905     1.48021195    -0.00177837
   279       10000.00     0.17466805     1.58370705     1.49385980    -0.01203686
   280       10000.00     0.17126915     1.58397896     1.58397896     0.00051115
   281       10000.00     0.17126915     1.58397896     1.55011761     0.00493668
   282         842.10     0.16314336     1.54929250     1.54880888    -0.00024181
   283        -287.40     0.16314336     1.52507775     1.44146234     0.00083754
   284       10000.00     0.16254810     1.54621442     1.47779996     0.00528330
   285       10000.00     0.15031216     1.54213618     1.47696225     0.00381670
   286       -9489.70     0.15530547     1.55374086     1.45021963    -0.00454928
   287       -8713.30     0.14805265     1.54091966     1.49944293    -0.00042662
   288       -7977.60     0.15568919     1.54273217     1.48758934     0.00867828
   289       10000.00     0.14871390     1.53092499     1.49167294     0.00442552
   290       10000.00     0.14749276     1.55162342     1.50689851    -0.00108141
   291         287.70     0.16985898     1.56341458     1.56341458     0.00792636
   292       10000.00     0.14121425     1.56578269     1.56153284    -0.00212492
   293         344.90     0.15731895     1.54531370     1.50192327    -0.00075237
   294         347.50     0.15731895     1.54531370     1.50192327    -0.00075237
   295        -252.60     0.15584606     1.53849208     1.47761860     0.00119295
   296        6696.50     0.15598522     1.54673548     1.44893335    -0.00792914
   297       10000.00     0.15103347     1.57374182     1.51008707    -0.00458840
   298       10000.00     0.15924854     1.56962734     1.47118943     0.00849994
   299       10000.00     0.15880111     1.60452127     1.60452127     0.00149726
   300       10000.00     0.13853632     1.53672754     1.46043734    -0.00048631
   301       10000.00     0.14834700     1.57740834     1.53432902     0.01110355
   302       10000.00     0.14744184     1.53560883     1.48855320    -0.00729553
   303       10000.00     0.15882017     1.59196541     1.53677062     0.00466110
   304       10000.00     0.15632341     1.57568116     1.50348075     0.00526242
   305       10000.00     0.15632341     1.54834526     1.48959767    -0.00500677
   306       10000.00     0.15632341     1.57568116     1.49480343    -0.00143404
   307        1625.00     0.15632341     1.57568116     1.49683133    -0.00407808
   308         412.20     0.15092300     1.55332692     1.48916589    -0.00136822
   309       10000.00     0.15582762     1.59460695     1.45409688     0.00953917
   310       10000.00     0.15582762     1.55856284     1.49221851     0.00910799
   311       10000.00     0.15149937     1.62130978     1.59662640    -0.00924020
   312        -369.70     0.14940836     1.54707895     1.48155180    -0.00971643
   313       10000.00     0.14858925     1.53536394     1.53536394     0.01074776
   314       10000.00     0.14099132     1.50493958     1.48796220    -0.00049172
   315       10000.00     0.15193260     1.56668009     1.56668009     0.01631590
   316       10000.00     0.16729733     1.59306318     1.49305735    -0.00021292
   317       10000.00     0.14556015     1.53412857     1.44719529    -0.00069937
   318       10000.00     0.15029902     1.53038829     1.49824634    -0.00093180
   319       10000.00     0.16066926     1.61180858     1.52325593     0.00322209
   320        -304.20     0.15413523     1.57278447     1.51611436     0.00453032
   321       -6328.10     0.15282022     1.53641685     1.49349642     0.00573996
   322       10000.00     0.15060347     1.58232543     1.58232543     0.00187044
   323       10000.00     0.13768825     1.54691821     1.51259368     0.00017601
   324       10000.00     0.15472357     1.57955929     1.53091596    -0.01105839
   325         384.90     0.16069695     1.57887562     1.51381455    -0.00369119
   326       10000.00     0.15754265     1.57792076     1.53359431     0.00687283
   327       10000.00     0.15626417     1.54176430     1.48045934     0.01274558
   328       10000.00     0.15979067     1.63515315     1.63515315     0.00593911
   329       -5769.40     0.14793563     1.54872796     1.54872796     0.00404626
   330         421.20     0.14953627     1.58236973     1.53759459     0.00687524
   331       10000.00     0.15245724     1.57495160     1.42960714    -0.00493590
   332       10000.00     0.15245724     1.57495160     1.42438845    -0.00260934
   333         862.90     0.15717342     1.59784194     1.59525174    -0.00129510
   334       10000.00     0.15461701     1.57186001     1.47174807     0.01107460
   335       -1409.40     0.15031592     1.53749959     1.46286642    -0.00708540
   336       10000.00     0.16262051     1.52361628     1.49964976     0.00680267
   337       -2952.90     0.16262051     1.52361628     1.49964976     0.00680267
   338       10000.00     0.15489400     1.51596531     1.50668351     0.00264568
   339       -6558.80     0.15489400     1.56959699     1.46558328    -0.01298074
   340       10000.00     0.15886522     1.53528526     1.47151442    -0.00078197
   341       10000.00     0.15168178     1.53162047     1.53162047     0.00214097
   342       10000.00     0.16557530     1.59160619     1.59160619     0.00688402
   343       10000.00     0.15375050     1.54514965     1.48050878    -0.00869627
   344       -7220.00     0.15375050     1.54514965     1.48050878    -0.00869627
   345       10000.00     0.15878797     1.65068784     1.65068784     0.00336049
   346       10000.00     0.14977049     1.53262544     1.49765155     0.00095984
   347       -4027.90     0.15673024     1.56394796     1.46341227    -0.01190846
   348       10000.00     0.14978943     1.57291422     1.57291422     0.01347370
   349       10000.00     0.14709669     1.55013003     1.53911345    -0.00505973
   350       -2870.40     0.13935394     1.52442520     1.50273839     0.01132979
   351       10000.00     0.14549412     1.55797370     1.43956276    -0.01303252
   352       10000.00     0.15254356     1.53125575     1.53125575     0.00836651
   353         361.80     0.16921900     1.59417892     1.59417892     0.00459337
   354       10000.00     0.14466472     1.56812773     1.51467476    -0.01154158
   355       10000.00     0.15375265     1.55145673     1.51338570     0.00139099
   356       10000.00     0.16361071     1.56574812     1.47626434     0.00035484
   357       10000.00     0.16361071     1.56574812     1.52383792     0.00489167
   358       10000.00     0.15420520     1.50717092     1.48092796     0.00075089
   359       10000.00     0.14581301     1.53826629     1.48299282     0.00673463
   360       10000.00     0.15172193     1.54941504     1.52311602     0.01552276
   361       10000.00     0.15952797     1.53473345     1.47488561     0.00454691
   362       10000.00     0.14719358     1.62926203     1.62926203     0.01678402
   363       10000.00     0.14975580     1.59108322     1.51764564    -0.01055439
   364       10000.00     0.14812364     1.56663830     1.52882709    -0.01051014
   365       10000.00     0.15580166     1.55705155     1.55667752    -0.00018701
   366       10000.00     0.14638321     1.56366787     1.47946616     0.00326042
   367       10000.00     0.14791952     1.53447149     1.53447149     0.01081423
   368       10000.00     0.15701808     1.56828062     1.54560372    -0.00808335
   369       10000.00     0.16751024     1.56858604     1.46599947     0.01614921
   370       10000.00     0.14518555     1.52997228     1.48354211    -0.00904133
   371       10000.00     0.14915791     1.51016988     1.46796082     0.00199962
   372       10000.00     0.16651050     1.62040776     1.49997314    -0.01579500
   373       10000.00     0.15242597     1.56342159     1.56342159     0.01300524
   374       10000.00     0.15220025     1.55370328     1.49881038    -0.01090806
   375       10000.00     0.14923093     1.55642003     1.54854217    -0.00393893
   376       10000.00     0.14923093     1.55465253     1.54815536    -0.00324859
   377       10000.00     0.15000867     1.55719197     1.51953228    -0.00197618
   378       10000.00     0.15000867     1.56360288     1.52778111     0.00382547
   379       10000.00     0.16208544     1.57264502     1.52951606    -0.01061964
   380       10000.00     0.15334661     1.52886667     1.51798781     0.00237955
   381       -3264.90     0.15334661     1.52886667     1.51322870     0.00113793
   382       -2721.20     0.15530412     1.57063405     1.48278107     0.00629232
   383       10000.00     0.14716656     1.54262672     1.54262672     0.00724464
   384       10000.00     0.16490372     1.57089371     1.52664084    -0.00514404
   385       10000.00     0.14560312     1.57901071     1.47657340     0.01536217
   386       10000.00     0.15693930     1.54231286     1.52489998     0.00171776
   387       10000.00     0.14386061     1.55465949     1.46749815    -0.00798998
   388       10000.00     0.14760253     1.56144129     1.51853761     0.00280111
   389       10000.00     0.14760253     1.56144129     1.51853761     0.00280111
   390       10000.00     0.15474102     1.52196383     1.52124095     0.01540674
   391       10000.00     0.16231843     1.55768211     1.51426206    -0.00665431
   392       10000.00     0.16601251     1.58240608     1.53530246    -0.00794169
   393         216.70     0.16601251     1.58240608     1.51412618    -0.00507704
   394       10000.00     0.16098151     1.55300991     1.47821849     0.00011836
   395       10000.00     0.16098151     1.55300991     1.48057962     0.00118056
   396       10000.00     0.15319227     1.55851073     1.55547666     0.01147543
   397       -3862.40     0.16755179     1.58032997     1.50361623     0.00332092
   398        1524.00     0.15928822     1.56603334     1.51118355    -0.00265486
   399       10000.00     0.16142618     1.62555439     1.55801626     0.00332048
