
STATE SPECIFIC TERM
NTERMS=1
AZOMETHANE
 1 2 3 7
      651.56478576           -1.5477215778
         0.5810217780         1.0630030016
        -0.0088597155        -0.0248551645
         0.1385285500        -0.2093855150
        -0.0042201102         0.0262865663
         0.1714507895         1.4899497154
         0.0000000000         0.0000000000
        -0.6307760407        -0.3935131394
         0.1012527907         0.0580513515
        -0.1351610420        -0.0822627964
    1.60  1.60  1.60  1.60
    3.50  3.50  3.50  3.50
       126.8176185000
 2.100  0.900          0.55
 2.500  0.900          0.50
 1.600  3.100  3.200  5.000      0.20
 
