7
1.4605 1.4605 113.82 113.82 180 0.0000  trans-AZM S0
1.4665 1.4665 128.63 128.63 0 -0.0173  cis-AZM S0
1.4139 1.4774 175.44 116.13 180 -0.0643 TS inversione
1.4489 1.4489 117.54 117.54 92.22 -0.1402 TS torsione
5.0000 1.4853 0 127.98 0 -0.3620 CH3NN+CH3
5.0000 5.0000 0 0 0 -0.5407 N2+2CH3
2.0750 2.0750 116.66 116.66 180 -0.2313 TS diss.symm.

0.1714507895         1.4899497154
0.0000000000         0.0000000000
-0.6307760407        -0.3935131394
0.1012527907         0.0580513515
-0.1351610420        -0.0822627964

0.186092946875702    1.4899497154
0.0000000000         0.0000000000
-0.6307760407        -0.3935131394
0.120040409099904    0.015693657136115
-0.1351610420        -0.0822627964

risu.rnc12.corr
zpe.rnc12




1.4584 1.4584 149.19 149.19 0 -0.0322 cis-AZM S1
1.4445 1.4445 130.57 130.57 133.16 -0.0676 min S1
1.4380 1.4380 131.36 131.11 180 -0.0876 trans-AZM S1
