 traj, time, etot, rexcmax, rexcfin, vexcfin
     1       10000.00     0.19078664     1.67388257     1.43463601    -0.00626162
     2         327.60     0.23320025     1.57318621     1.53634922     0.00599716
     3         433.10     0.21454889     1.73260707     1.73260707     0.00775152
     4        1225.40     0.23719517     1.58629268     1.58629268     0.00004975
     5         286.90     0.17740027     1.56150767     1.52426874     0.00969228
     6        4258.10     0.20309943     1.55117335     1.53219990     0.01628329
     7       -8919.10     0.20309943     1.55117335     1.46276804    -0.00463643
     8       10000.00     0.22080349     1.58114943     1.55703306     0.01355042
     9        5239.70     0.22267344     1.78072691     1.77414638    -0.00325072
    10         862.20     0.21977673     1.60901419     1.60901419     0.00211115
    11         332.30     0.21977673     1.60479189     1.60479189     0.00444872
    12         337.40     0.21977673     1.60479189     1.60479189     0.00444872
    13        3917.70     0.21977673     1.60479189     1.60479189     0.00444872
    14         333.30     0.21470803     1.61751365     1.61751365     0.00764141
    15        1935.50     0.26060807     1.70328210     1.52930067    -0.01489417
    16        2842.20     0.26060807     1.70328210     1.69663453     0.00306466
    17       10000.00     0.22304604     1.61273817     1.44250857     0.01821711
    18         459.30     0.22304604     1.62304797     1.62304797     0.00688311
    19        1361.60     0.21623348     1.63629162     1.55169270     0.01014187
    20       10000.00     0.18392228     1.60153565     1.56104452     0.01186328
    21         681.80     0.23563223     1.60355897     1.54546697    -0.01969254
    22        1501.80     0.23563223     1.60355897     1.58485205    -0.00919710
    23         390.20     0.23563223     1.60355897     1.43831003     0.00051616
    24         489.30     0.19854140     1.63759001     1.49401482     0.01720637
    25       10000.00     0.19886883     1.58960485     1.57325538    -0.00358321
    26         332.80     0.22599269     1.73507233     1.73507233     0.02270854
    27        1165.30     0.22599269     1.59595140     1.47779645    -0.00683547
    28         276.20     0.24010486     1.67714456     1.56132659     0.02115891
    29       10000.00     0.24010486     1.67714456     1.63434543     0.00104078
    30        7177.30     0.24010486     1.67714456     1.63434543     0.00104078
    31         470.90     0.20347805     1.57313316     1.48386579    -0.00407798
    32        1780.40     0.20699402     1.57811675     1.40021952    -0.02064291
    33         268.50     0.20477224     1.61864328     1.61864328     0.00503586
    34         341.10     0.21345589     1.60172741     1.60054832     0.02119743
    35        2794.20     0.22914220     1.61246058     1.49242445    -0.00240382
    36         432.30     0.23750315     1.67016650     1.67016650     0.00574958
    37       10000.00     0.19029350     1.60813600     1.50668281     0.00502819
    38         594.90     0.21845377     1.58279198     1.44479784    -0.00750036
    39         720.10     0.21635850     1.62918467     1.51290121     0.00946895
    40        7504.50     0.20132350     1.58972803     1.57706096    -0.00429748
    41         410.10     0.21327690     1.59185291     1.54019066    -0.01708919
    42         370.20     0.22601205     1.59044103     1.52878146     0.00605869
    43         247.80     0.23366533     1.59822013     1.41865266    -0.01136117
    44        4050.00     0.24565340     1.60842391     1.50990026     0.00025396
    45        2278.20     0.20865058     1.63544946     1.46583183    -0.01835205
    46         833.20     0.19726431    13.02393463    13.02393463     5.74553882
    47       10000.00     0.23193417     1.60554976     1.51024436    -0.01301553
    48       10000.00     0.19072170     1.57600058     1.53225005    -0.00689515
    49        2013.80     0.19072170     1.57599300     1.44454780    -0.01712785
    50         677.00     0.18998888     1.61097862     1.58777318     0.00083162
    51        4844.80     0.21453645     1.59860089     1.38888293     0.00130244
    52        -806.60     0.20383269     1.54692647     1.50359536     0.01675930
    53       10000.00     0.22868516     1.73103007     1.73103007     0.00635063
    54        2963.40     0.21126136     1.59786990     1.59523462     0.01603797
    55        1369.70     0.25996360     1.65384392     1.57859823     0.00605490
    56        1712.90     0.26153436     1.67061498     1.56160590    -0.01982285
    57        1928.00     0.26153436     1.67061498     1.56160590    -0.01982285
    58         301.60     0.27673272     1.69854487     1.69854487     0.06032923
    59         454.00     0.25669794     1.56542849     1.51559921     0.02544175
    60         513.70     0.25669794     1.59730521     1.50984957    -0.02512023
    61        4699.30     0.22119123     1.56218425     1.49862221     0.00592294
    62        1490.50     0.23462560     1.57560010     1.54324783     0.00761728
    63        1668.50     0.23651213     1.53480574     1.51984110     0.00740512
    64       10000.00     0.28680683     1.67043483     1.56131123     0.00565653
    65        1258.10     0.22967354     1.60568180     1.47817168    -0.00765426
    66       -1228.60     0.24410585     1.67926086     1.54259047     0.00036020
    67         672.70     0.22130259     1.59881022     1.42574887    -0.01783133
    68        2908.10     0.23197680     1.67011931     1.65868921    -0.00517961
    69         276.00     0.21830334     1.55312278     1.48522021    -0.00795080
    70        1064.80     0.23410471     1.64605548     1.59927816    -0.00655365
    71        1806.90     0.20612128     1.57658539     1.48406665     0.00554514
    72        1216.60     0.23327337     1.59547324     1.50023572    -0.01697121
    73        2321.50     0.23327337     1.59547324     1.50023572    -0.01697121
    74        3372.60     0.22443891     1.53822425     1.47587725    -0.01404861
    75        1054.50     0.23147349     1.75981879     1.75625268    -0.00178306
    76        1517.80     0.23147349     1.64087115     1.52762291    -0.02075328
    77       10000.00     0.19939756     1.65299564     1.56818326    -0.01097657
    78        9276.50     0.20025066     1.51564364     1.51227981     0.01045785
    79       10000.00     0.20102936     1.54486032     1.46650111    -0.01053356
    80        2382.30     0.20774586     1.53900756     1.49310124    -0.01399671
    81        5589.20     0.20017056     1.55095634     1.53204300    -0.00226866
    82       10000.00     0.19816669     1.57933825     1.52325479    -0.00379914
    83       10000.00     0.19081577     1.57016196     1.49444056     0.01918105
    84         303.30     0.20735923     1.60949352     1.42640874    -0.00414615
    85        -306.40     0.20706461     1.54429802     1.51361212     0.00965548
    86       -2830.60     0.22683965     1.58187233     1.45800237    -0.02254518
    87         378.30     0.24059998     1.57669397     1.51135903    -0.01247829
    88       10000.00     0.18900444     1.64405682     1.42199418    -0.01144594
    89         343.70     0.20706461     1.54429802     1.51361212     0.00965548
    90         774.50     0.21100166     1.60879391     1.56927443     0.01288473
    91       10000.00     0.20438122     1.57269683     1.51550888    -0.00766975
    92         456.50     0.22849474     1.55718515     1.47994794     0.00053599
    93        3579.80     0.21751103     1.59187203     1.52612200     0.01746062
    94       -3469.40     0.19597964     1.59944237     1.59944237     0.00105064
    95        6028.80     0.19597964     1.59944237     1.59944237     0.00105064
    96        3309.90     0.19617502     1.57391495     1.52978892    -0.00305052
    97        5850.60     0.18916445     1.61544099     1.44607669    -0.00152321
    98         347.10     0.22714321     1.61721748     1.60209870     0.02055763
    99         333.50     0.22714321     1.61721748     1.51148618    -0.00411357
   100        6980.30     0.23611181     1.58198968     1.52594637    -0.02802165
   101         428.00     0.21853116     1.59169955     1.57628798     0.00333302
   102         285.30     0.21853116     1.59169955     1.56962194     0.00855168
   103        1359.30     0.21665050     1.59531385     1.50967108     0.01305022
   104         577.60     0.23981284     1.76418961     1.54418509     0.00369445
   105         335.80     0.23981284     2.11042464     2.11042464     0.02016143
   106         382.10     0.25704320     1.64650159     1.46244713    -0.02543149
   107        1774.90     0.22646522     1.60994020     1.44605887     0.00057858
   108       10000.00     0.21367588     1.59826810     1.59826810     0.04349673
   109        3567.90     0.21367588     1.58879060     1.42544673    -0.00486237
   110       10000.00     0.19821152     1.59106774     1.53167528     0.00121573
   111         467.20     0.19821152     1.59106774     1.52374925    -0.00396301
   112         291.40     0.22043349     1.71736618     1.61678532    -0.00035498
   113         307.10     0.22043349     1.71736618     1.55074180     0.03686481
   114         251.70     0.23724639     1.62850771     1.61488196    -0.00681288
   115        2704.10     0.25576955     1.63470471     1.58460064    -0.01708349
   116         800.70     0.22952805     1.59972347     1.58374492    -0.00602703
   117         838.40     0.20105777     1.68381559     1.41467842    -0.01503712
   118         591.90     0.20105777     1.56490287     1.50940996     0.00361941
   119        2007.80     0.22282233     1.57760580     1.42834998    -0.00417684
   120         405.60     0.22282233     1.59839391     1.47383101    -0.00186391
   121         618.00     0.22282233     1.69231015     1.69231015     0.00979603
   122       -1188.20     0.20869421     1.63391648     1.63391648     0.01079956
   123         670.50     0.20116414     1.60914576     1.42168130    -0.01803043
   124       10000.00     0.17855063     1.56425445     1.51598379    -0.00267757
   125        6840.50     0.20424170     1.57974942     1.50736532     0.02276524
   126       10000.00     0.19251082     1.59932428     1.53113495    -0.00642400
   127         297.10     0.18304355     1.55010151     1.45648345    -0.01859532
   128       10000.00     0.18887431     1.64648282     1.54513215    -0.01497500
   129        1844.60     0.24718375     1.55734284     1.47682744     0.01098287
   130        2048.30     0.21545644     1.72032966     1.53387643    -0.03049212
   131        6743.90     0.21065861     1.59277405     1.48462625    -0.01123755
   132         577.90     0.21610892     1.60588557     1.42373164    -0.00037847
   133         862.70     0.19721758     1.61286560     1.45446952     0.01087512
   134       10000.00     0.18489013     1.55070492     1.44353262     0.00559027
   135        1640.60     0.24004362     1.73850227     1.58319876    -0.01285897
   136         354.10     0.19325368     1.58741842     1.57412349    -0.00664747
   137         684.80     0.22824390     1.57045133     1.42694634    -0.00658211
   138        7640.80     0.20080731     1.62060236     1.51048952     0.00848544
   139         505.40     0.20080731     1.59325542     1.48880408     0.01004526
   140         342.80     0.20080731     1.59325542     1.55475984     0.00734498
   141         659.40     0.21461239     1.61632339     1.46081955    -0.00339924
   142        3101.60     0.21461239     1.65521257     1.44704039    -0.03221411
   143        2593.50     0.20847095     1.60995739     1.54272998     0.00394152
   144        5265.80     0.23714003     1.53806924     1.48864734    -0.00485329
   145         643.00     0.25497303     1.75842692     1.75842692     0.01167466
   146        3472.80     0.21889793     1.68952465     1.67145562    -0.00453004
   147       10000.00     0.21889793     1.68952465     1.67145562    -0.00453004
   148       -4962.20     0.19531881     1.53647858     1.50542861     0.00485756
   149        2810.80     0.20797361     1.69714971     1.69714971     0.00342202
   150         469.50     0.22710608     1.62675602     1.48247302     0.01799136
   151        1575.40     0.22710608     1.61294394     1.57785299    -0.00954017
   152         463.10     0.22710608     1.61294394     1.47475601    -0.01525775
   153        4785.80     0.19320447     1.67207866     1.53119426     0.02096663
   154         344.30     0.18352393     1.55923186     1.55923186     0.01209087
   155        2005.10     0.20651697     1.54416346     1.50223381     0.00098308
   156        2951.60     0.23592257     1.63463658     1.33358878    -0.01403973
   157       10000.00     0.18656627     1.58084839     1.58038610     0.00168715
   158         606.60     0.26211087     1.77802027     1.72415570    -0.01582329
   159         341.70     0.23628555     1.65419988     1.44526334     0.01077601
   160         400.40     0.23643429     1.96249078     1.96249078     0.03215436
   161        1568.80     0.25003670     1.66866894     1.63627623    -0.00502612
   162         442.10     0.22065659     1.53540823     1.52835743    -0.00139399
   163        6136.50     0.22446096     1.59666994     1.46128901    -0.01321558
   164       10000.00     0.22446096     1.62756081     1.62756081     0.07926693
   165        1276.80     0.20903056     1.57646192     1.46817907    -0.01652784
   166       10000.00     0.18916556     1.55927070     1.49942896    -0.01280849
   167        1623.10     0.24325656     1.61669018     1.45926769    -0.01357694
   168         527.30     0.20164874     1.59728870     1.47600381     0.00488829
   169       10000.00     0.20149127     1.64991706     1.48598314     0.01180826
   170         373.40     0.20334131     1.67669656     1.57233062     0.01571363
   171        1184.00     0.20334131     1.67669656     1.43633532    -0.00662277
   172         350.00     0.20334131     1.67669656     1.59389217     0.01078078
   173         579.20     0.24633321     1.65357066     1.57237915     0.02067801
   174         679.20     0.19415433     1.56212386     1.56212386     0.01145478
   175         286.50     0.22528306     1.56347048     1.50928388     0.01129104
   176        6312.90     0.22528306     1.56804811     1.44587028    -0.00274198
   177         277.40     0.21347992     1.88620411     1.88620411     0.02240330
   178        4593.50     0.18400217     1.60982642     1.47508647    -0.00959664
   179        2914.40     0.21248644     1.56278285     1.53509085     0.00637315
   180        5790.40     0.22903760     1.68914844     1.48035010     0.00157062
   181        1955.40     0.23392156     1.62308894     1.61403293     0.00001241
   182        1325.80     0.24970095     1.55834403     1.51011766     0.00493917
   183         413.60     0.26621998     1.58622940     1.57192842    -0.00715049
   184        5500.20     0.20729348     1.60391442     1.47215368    -0.01115111
   185       10000.00     0.21109119     1.66285479     1.53108251     0.00342313
   186       10000.00     0.19366209     1.56889967     1.48601786     0.00545165
   187       -3583.80     0.20899877     1.64950394     1.51752446     0.00005340
   188         484.50     0.20899877     1.64950394     1.51752446     0.00005340
   189         572.00     0.25019053     1.63051413     1.56888913     0.00398815
   190       10000.00     0.22018577     1.57022738     1.51360132     0.00571074
   191         406.80     0.19528389     1.54315692     1.51166332    -0.00643050
   192        7617.70     0.23611181     1.58198968     1.58198968     0.01812895
   193       -3504.50     0.22549393     1.53062358     1.50377955    -0.01045359
   194         422.60     0.24190098     1.97131370     1.97131370     0.01467466
   195        2764.00     0.24190098     1.67125650     1.42136594     0.01492177
   196        4584.40     0.21245131     1.58701638     1.57862484     0.01887080
   197        2530.30     0.22967354     1.60568180     1.47817168    -0.00765426
   198         307.90     0.23981284     1.76418961     1.58148704    -0.01618958
   199         381.70     0.21468601     1.58003363     1.55263476    -0.00059135
   200         685.50     0.21468601     1.58003363     1.50506058    -0.01565561
   201        2727.70     0.20668276     1.64292546     1.64292546     0.00803216
   202         306.50     0.20937553     1.59692304     1.59692304     0.00697890
   203         469.80     0.20916862     1.60458102     1.48949473     0.01468383
   204         541.40     0.21110818     1.91621198     1.48630519    -0.00640954
   205       -7463.00     0.22016112     1.62556656     1.58562354    -0.01031770
   206        7984.80     0.22016112     1.62556656     1.45794639    -0.00131673
   207        2967.60     0.22169052     1.63631869     1.44222527    -0.00379273
   208         494.80     0.23994032     1.61078234     1.46268492    -0.00126703
   209       10000.00     0.20182132     1.61369709     1.56976177    -0.00569101
   210        1260.50     0.21813440     1.61258426     1.48025455     0.00854733
   211        1425.30     0.20464459     1.63845731     1.44601256    -0.00747103
   212         295.30     0.19566471     1.57452773     1.45577519     0.00229716
   213        -296.00     0.24293222     1.64349931     1.56595445    -0.00380111
   214         347.20     0.23197680     1.67011931     1.53263102    -0.00870529
   215         589.80     0.23718251     1.58502610     1.43384102    -0.00353049
   216         297.80     0.20140526     1.56182418     1.55414319    -0.00303839
   217         682.10     0.19490568     1.59183619     1.57343484     0.02628943
   218         306.10     0.23165593     1.62466221     1.46268275    -0.00655100
   219       -7114.70     0.20245312     1.58799868     1.53995041    -0.01200224
   220        3859.30     0.20245312     1.58799868     1.53995041    -0.01200224
   221         677.60     0.20451240     1.58829187     1.46302907     0.00427005
   222       -3138.30     0.19268176     1.66068117     1.66068117     0.01083115
   223       10000.00     0.19078664     1.67388257     1.44715925    -0.00981200
   224         289.20     0.18304355     1.55010151     1.45648345    -0.01859532
   225         326.20     0.18304355     1.55010151     1.45648345    -0.01859532
   226       10000.00     0.20231069     1.54878557     1.54756665     0.01126123
   227        6624.00     0.19794426     1.57525716     1.55253705     0.00294780
   228         681.90     0.22104300     1.60235498     1.52248031    -0.00636931
   229        3872.70     0.22104300     1.60235498     1.50978399    -0.00634816
   230         989.30     0.23592257     1.63463658     1.57103611     0.02000925
   231       10000.00     0.19865262     1.64375626     1.44376983     0.00816543
   232         476.40     0.26153436     1.67061498     1.56160590    -0.01982285
   233         300.90     0.26134737     1.68330958     1.51807553    -0.01043309
   234        1533.50     0.23034410     1.54795147     1.48215789    -0.01078603
   235       10000.00     0.24879170     1.58350491     1.43912702    -0.00885930
   236         521.90     0.19263022     1.59567724     1.40857530    -0.01797431
   237         333.50     0.22714321     1.61721748     1.51148618    -0.00411357
   238         333.50     0.22714321     1.61721748     1.51148618    -0.00411357
   239         306.20     0.20858890     1.59955744     1.45531837    -0.00240869
   240        5866.50     0.20632875     1.59168688     1.53148534     0.01951794
   241         783.60     0.20889324     1.64121711     1.64121711     0.01675613
   242       10000.00     0.20260853     1.55687673     1.53742010    -0.00737045
   243         440.90     0.26060807     1.64954630     1.62778385    -0.01002639
   244         805.80     0.26060807     1.70328210     1.69050521     0.00152955
   245        1078.10     0.23581680     1.59486419     1.48852639    -0.01264981
   246        1264.40     0.23581680     1.59486419     1.48852639    -0.01264981
   247        1402.10     0.22710608     1.58259902     1.58259902     0.00578184
   248         420.20     0.22710608     1.61294394     1.58462436     0.01396879
   249         321.60     0.24346188     1.75282715     1.52793802     0.02086990
   250         338.90     0.24346188     1.93426681     1.93426681     0.03208760
   251         252.10     0.23724639     1.62850771     1.61488196    -0.00681288
   252         441.90     0.21470383     1.62302060     1.52146650     0.00345524
   253         817.30     0.21603976     1.65421812     1.61727616    -0.00789867
   254       10000.00     0.19679423     1.58673831     1.54442554     0.00409441
   255       10000.00     0.19941865     1.59730627     1.55474621    -0.00883626
   256       10000.00     0.20187790     1.59559729     1.49855176    -0.00535561
   257       -5798.10     0.20187790     1.59559729     1.51973757     0.00794817
   258       -3969.30     0.20187790     1.59559729     1.53913460     0.00078196
   259        1793.60     0.23201833     1.61720745     1.58819101    -0.01205122
   260         209.10     0.22382385     1.76049871     1.76049871     0.02861210
   261         207.50     0.22382385     2.34741140     2.32720514    -0.00774612
   262         873.40     0.22288401     1.71505680     1.44266371    -0.00223183
   263        2855.80     0.19151930     1.54562199     1.54176537     0.01610360
   264        5689.80     0.24177824     1.64384819     1.41430778    -0.02214027
   265        2405.60     0.21408225     1.56035169     1.55198216    -0.00418476
   266        1866.00     0.20895676     1.57372278     1.43608534     0.00968370
   267        3016.90     0.18994458     1.55149930     1.47976853    -0.00070918
   268        1643.30     0.21026243     1.54140235     1.49082690    -0.00253224
   269        4962.70     0.20128613     1.66978115     1.50564928     0.00695530
   270         760.80     0.21764114     1.53918887     1.47089029     0.00043885
   271        3054.60     0.19501770     1.60461000     1.49290541     0.01809321
   272        1350.50     0.22822138     1.65305696     1.55720387     0.01317982
   273        2256.50     0.23054650     1.57344568     1.53350453    -0.01003579
   274        1159.10     0.23054650     1.57344568     1.53350453    -0.01003579
   275        3882.20     0.22106018     1.62743572     1.53806124     0.01359106
   276        1277.20     0.26211087     1.67551822     1.58787012     0.02150815
   277         541.20     0.19967021     1.61937573     1.56391433     0.01506625
   278         367.30     0.20666875     1.57848577     1.53408692    -0.01340908
   279         316.50     0.27091531     1.76925141     1.55217439     0.01081593
   280        2227.40     0.22229708     1.58000056     1.48565477    -0.00077535
   281         311.70     0.19949400     1.59227268     1.42082708    -0.00253867
   282         759.60     0.21817137     1.56162547     1.49347510     0.01729786
   283        2192.20     0.22638379     1.56976857     1.56234421    -0.00371218
   284        3570.90     0.22638379     1.55798970     1.46331899    -0.01544563
   285       -5129.00     0.22638379     1.55798970     1.46085939     0.01160425
   286         343.20     0.21401472     1.63220613     1.52011887     0.00930095
   287        3050.90     0.21756114     1.57895838     1.44975316     0.00839890
   288        4066.80     0.23397591     1.59396114     1.43767489     0.00934978
   289        6209.90     0.20093103     1.56299638     1.53344239    -0.00824155
   290        6209.90     0.20093103     1.56299638     1.53344239    -0.00824155
   291         287.30     0.23352564     1.63366847     1.45390475     0.00282848
   292       -1868.10     0.24010486     1.67714456     1.63434543     0.00104078
   293        3702.90     0.24010486     1.67714456     1.59976345     0.00197217
   294        1976.30     0.24010486     1.67714456     1.58526820     0.01197081
   295        7140.50     0.24010486     1.67714456     1.44166207    -0.03320428
   296         410.50     0.26989739     1.64562977     1.52768571     0.02915012
   297         403.00     0.20571893     1.65556231     1.65556231     0.00172122
   298        3243.80     0.19156183     1.61039838     1.47628388     0.01770925
   299       10000.00     0.20844496     1.61248030     1.49824809     0.01433915
   300        1177.00     0.22795576     1.53730564     1.53068987    -0.00019331
   301       10000.00     0.19452967     1.63294047     1.51561406    -0.00878493
   302        2749.00     0.22599269     1.59595140     1.49146739    -0.00091615
   303       10000.00     0.18097988     1.55883818     1.52078076     0.01009936
   304        1676.80     0.18097988     1.55883818     1.50058204     0.00631159
   305        3889.80     0.22305774     1.66603258     1.66603258     0.00839079
   306        1580.30     0.23184403     1.66102240     1.45213848    -0.03213643
   307        2871.70     0.23184403     1.61375856     1.50196777    -0.01209644
   308         710.80     0.21088286     1.56111691     1.42928430    -0.02034069
   309       10000.00     0.17577985     1.55601072     1.50944895     0.00201597
   310        1295.90     0.20505466     1.60672640     1.51835269     0.02083178
   311         563.30     0.24144657     1.57129533     1.55991648     0.01633330
   312        6667.80     0.24144657     1.57129533     1.47540977    -0.02100411
   313        1260.10     0.20553009     1.59590633     1.47371521    -0.02285946
   314         423.20     0.19405795     1.67828689     1.50470526     0.00134004
   315       10000.00     0.21672741     1.60496046     1.44090785     0.00929846
   316         390.50     0.21672741     1.58907740     1.54962769     0.00032274
   317         512.10     0.21672741     1.58907740     1.42543777     0.01270138
   318         238.90     0.25002481     2.11441988     2.11441988     0.00156000
   319         303.90     0.21254074     1.58208813     1.57919589    -0.00144612
   320        1345.20     0.21254074     1.58208813     1.43040583    -0.01527913
   321         574.40     0.22839939     1.68775186     1.45489024    -0.02514709
   322         347.10     0.20715074     1.66327691     1.66327691     0.03140863
   323        9749.60     0.18831592     1.62723481     1.55088081    -0.00257570
   324         332.00     0.22956349     1.60653407     1.56062533     0.00731326
   325         414.90     0.22945388     1.60181056     1.55609011    -0.00895916
   326         827.60     0.26256492     1.65567289     1.52002073     0.00848768
   327        2644.30     0.22603982     1.58752733     1.52086195    -0.00589835
   328       10000.00     0.20153711     1.58563235     1.51643781     0.00629404
   329        2236.00     0.21903280     1.61853254     1.55298338     0.00994378
   330         757.30     0.21903280     1.66692416     1.66692416     0.03128861
   331        2637.10     0.21903280     1.61853254     1.55298338     0.00994378
   332        7985.60     0.22980559     1.65205078     1.65205078     0.01634156
   333        8282.60     0.26016016     1.90636597     1.88230211    -0.00788097
   334         990.20     0.20677009     1.59604842     1.46517327    -0.03665339
   335         529.50     0.21461239     1.61459559     1.54146763     0.01266526
   336         643.80     0.21461239     1.61459559     1.54146763     0.01266526
   337        7705.10     0.19560514     1.55747015     1.53798844    -0.00093205
   338        1119.10     0.22162315     1.57989046     1.54536769    -0.00048670
   339         283.70     0.20937553     1.58673117     1.39910019    -0.02907178
   340       -1440.30     0.20223609     1.60553046     1.43060992     0.00584883
   341        4512.90     0.18805926     1.54670031     1.52721342     0.00388980
   343        -549.80     0.23645797     1.63804067     1.40583606     0.00808229
   344       10000.00     0.20557729     1.62810456     1.56800193     0.00635580
   345         274.60     0.23626679     1.61159490     1.51264324     0.00175446
   346        1590.10     0.23727479     1.63167322     1.55993136    -0.01988620
   347        7717.00     0.20809085     1.67029978     1.45934424     0.00692138
   348       10000.00     0.20882255     1.62631726     1.55513641     0.01779615
   349         590.70     0.22107926     1.58250364     1.53463909    -0.01551922
   350         595.80     0.22107926     1.58250364     1.50016373    -0.02053336
   351        2421.10     0.22018577     1.57022738     1.52835750     0.00095393
   352         550.10     0.19907547     1.64521038     1.50174903     0.00279759
   353        3810.30     0.21313350     1.53026041     1.48817215    -0.00298664
   354        2351.50     0.21313350     1.53026041     1.48817215    -0.00298664
   355        1621.30     0.25754685     1.55922928     1.54362044    -0.00426196
   356       10000.00     0.20503093     1.58595367     1.46996161    -0.00497649
   357       10000.00     0.18822949     1.55620911     1.55620911     0.01527409
   358         622.40     0.20270752     1.59916615     1.44933849    -0.00461920
   359         341.40     0.20270752     1.62431418     1.56031682     0.01323277
   360       10000.00     0.19395429     1.60813934     1.59636190    -0.00588872
   361         337.80     0.21358887     2.15368389     2.09281687    -0.00725106
   362         413.30     0.19343991     1.63321460     1.43373757    -0.00254762
   363       10000.00     0.20149127     1.64991706     1.57941607     0.00446646
   364        1070.50     0.24393040     1.65385187     1.64531253     0.00167954
   365         285.80     0.21830334     1.55312278     1.48522021    -0.00795080
   366        2198.00     0.21119341     1.69111486     1.54013891    -0.02687160
   367        8207.80     0.21119341     1.56977377     1.47446542    -0.01477283
   368        3129.70     0.23209846     1.68361067     1.66798701    -0.00574519
   369         285.50     0.21853116     1.59169955     1.56962194     0.00855168
   370         354.20     0.21656667     1.56299427     1.47353528     0.00282245
   371       10000.00     0.19362482     1.53621499     1.49845248    -0.00240452
   372       10000.00     0.19756057     1.55875074     1.44240179     0.01399603
   373        6355.70     0.24687959     1.70047414     1.51922210     0.01014117
   374        6231.00     0.24687959     1.63939179     1.55818704     0.00111474
   375        4395.20     0.24687959     1.63939179     1.46805184    -0.01364468
   376        3734.20     0.18880016     1.64311670     1.53592967     0.00497661
   377         448.90     0.21577443     1.59412246     1.54239842     0.00596010
   378       10000.00     0.24376437     1.54561368     1.50955201     0.00681723
   379         449.20     0.23827868     1.69505617     1.64180548    -0.01305740
   380        4155.30     0.23402648     1.62996313     1.57649339     0.00278039
   381         478.30     0.20487102     1.55394599     1.50248409    -0.00334480
   382       10000.00     0.23215327     1.62887029     1.49978011     0.00709640
   383        3341.60     0.24687959     1.63939179     1.46805184    -0.01364468
   384        2889.70     0.24687959     1.63939179     1.50424466    -0.01530716
   385        2360.00     0.21247981     1.56814649     1.56814649     0.01069606
   386       10000.00     0.19762019     1.58676728     1.57583692    -0.00546518
   387        5128.40     0.22392568     1.62608139     1.56344008     0.01013574
   388       -8496.40     0.18368200     1.66848473     1.65535634    -0.00656419
   389        3178.10     0.18998590     1.59245586     1.50980022     0.00680547
   390         593.00     0.18805926     1.54670031     1.51059800    -0.00689816
   391        2840.60     0.20438122     1.57977953     1.44554381    -0.00446987
   392        5176.50     0.20245312     1.58799868     1.56395489    -0.00894826
   393        2167.30     0.23581680     1.59486419     1.48852639    -0.01264981
