MEMORY=1100 PM3 VECTORS MECI=10 MXROOT=10 NSTAT=2 OPEN(6,6) FLOCC=0.1528096665 +
DYNAM NTRAJ=20 ISTAT=2 RDINI=wigner.mc_geo01 +
TIME=0.1 CYCLES=100000 NCYPR=10 INCO=8 DECOVLP=1.0 FIXE=0.001 +
GEO-OK SCFMAU ITRX=2000 ITRY=2000 ITRZ=200 PULAY SHIFT SCFCRT=1.D-9 +
SINGLET S2 STATESPEC NMULT=2 EXTERNAL=azm.semi.par
trans-azometano eclipsed eclipsed fondamentale
 
X    0.000000  0   0.000000  0    0.000000  0
X    1.000000  0   0.000000  0    0.000000  0     1
N    0.610782  1  90.000000  0    0.000000  0     1     2       
N    0.610781  1 180.000000  0   90.000000  0     1     3     2 
C    1.435000  1 120.000000  1    0.000000  1     3     1     2 
H    1.000000  1 110.000000  1    0.000000  1     5     3     1
H    1.000000  1 110.000000  1  120.000000  1     5     3     6 
H    1.000000  1 110.000000  1  240.000000  1     5     3     6 
C    1.435000  1 130.000000  1  170.000000  1     4     1     2 
H    1.000000  1 110.000000  1    0.000000  1     9     4     1 
H    1.000000  1 110.000000  1  120.000000  1     9     4    10 
H    1.000000  1 110.000000  1  240.000000  1     9     4    10

 
OCCUP
3*2.0 3*0.0
INTERNAL COORDINATES
1 2 0 0
1 3 0 0 C 4.0
2 7 0 0 C 4.0
1 7 0 0 C 4.0
2 3 0 0 C 4.0
2 1 3 0
1 2 7 0
3 1 2 7

ADDED POTENTIAL
NUMLJ=16
3 7  6.614007 0.0000526
3 8  5.589854 0.0000709
3 9  5.589854 0.0000709
3 10 5.589854 0.0000709
7 4  5.589854 0.0000709
7 5  5.589854 0.0000709
7 6  5.589854 0.0000709
4 8  4.724290 0.0000478
4 9  4.724290 0.0000478
4 10 4.724290 0.0000478
5 8  4.724290 0.0000478
5 9  4.724290 0.0000478
5 10 4.724290 0.0000478
6 8  4.724290 0.0000478
6 9  4.724290 0.0000478
6 10 4.724290 0.0000478

STATE SPECIFIC TERM
NTERMS=1
AZOMETHANE
 1 2 3 7
      651.56478576            -1.5477215778
         0.5810217780         1.0630030016
        -0.0088597155        -0.0248551645
         0.1385285500        -0.2093855150
        -0.0042201102         0.0262865663
         0.1714507895         1.4899497154
      0.0000000000          0.0000000000
        -0.6307760407        -0.3935131394
         0.1012527907         0.0580513515
        -0.1351610420        -0.0822627964
    1.60  1.60  1.60  1.60
    3.50  3.50  3.50  3.50
       126.8176185000
 2.100  0.900          0.55
 2.500  0.900          0.50
 1.600  3.100  3.200  5.000      0.20
