time        1    -1   -1    -1    1.0           0.0                0   0.0  0.0 
isurf      -4    -1   -1    -1    1.0           0.0                0   0.0  0.0 
irk        -5    -1   -1    -1    1.0           0.0                0   0.0  0.0 
Etot        4    -1   -1    -1    1.0           0.0               -1   0.0  0.0 
Ecin        2    -1   -1    -1    1.0           0.0               -1   0.0  0.0 
Epot        3    -1   -1    -1    1.0           0.0               -1   0.0  0.0 
rnn        65    -1   -1    -1    1.0           0.0                0   0.0  0.0 
rn1c1      66    -1   -1    -1    1.0           0.0                0   0.0  0.0 
rn2c2      67    -1   -1    -1    1.0           0.0                0   0.0  0.0 
rn1c2      68    -1   -1    -1    1.0           0.0                0   0.0  0.0 
rn2c1      69    -1   -1    -1    1.0           0.0                0   0.0  0.0 
n2n1c1     70    -1   -1    -1    1.0           0.0                0   0.0  0.0 
n1n2c2     71    -1   -1    -1    1.0           0.0                0   0.0  0.0 
@cnnc     3 1 2 7  -1   -1   -1   1.0           0.0                0   0.0  0.0 
