
# Surface 0 of 1 surfaces

# Curve title: "'risu.map.cnnc.nnc.s1.combi' using 5:3:($7-$6)"

# Contour 0, label:      0.2
 110.248  150  0.2 
 110  149.567  0.2 
 107.694  145  0.2 
 105  142.269  0.2 
 100.764  140  0.2 
 100  139.556  0.2 
 95  139.653  0.2 
 94.5894  140  0.2 
 91.1677  145  0.2 
 91.8394  150  0.2 
 95  153.084  0.2 
 100  154.245  0.2 
 105  153.956  0.2 
 110  150.537  0.2 
 110.248  150  0.2 

 100.033  100  0.2 
 101.463  105  0.2 
 103.258  110  0.2 
 105  113.951  0.2 
 105.453  115  0.2 
 107.953  120  0.2 
 110  122.907  0.2 
 111.205  125  0.2 
 115  129.2  0.2 
 115.216  130  0.2 
 115  130.276  0.2 
 110  131.49  0.2 
 105  132.045  0.2 
 100  130.843  0.2 
 99.1157  130  0.2 
 95.9927  125  0.2 
 95  123.277  0.2 
 93.3718  120  0.2 
 91.2565  115  0.2 
 90  111.326  0.2 
 89.5639  110  0.2 
 87.5579  105  0.2 
 85.3962  100  0.2 

