
# Surface 0 of 1 surfaces

# Curve title: "'zpe.map.invtors1' using 5:3:7"

# Contour 0, label:      3.5
 180  174.301  3.5 
 175  174.368  3.5 
 170  174.556  3.5 
 165  174.832  3.5 
 162.529  175  3.5 
 160  176.048  3.5 
 155  177.43  3.5 
 150  178.204  3.5 
 145  178.674  3.5 
 140  178.975  3.5 
 135  179.175  3.5 
 130  179.309  3.5 
 125  179.399  3.5 
 120  179.457  3.5 
 115  179.491  3.5 
 110  179.507  3.5 
 105  179.508  3.5 
 100  179.497  3.5 
 95  179.477  3.5 
 90  179.448  3.5 
 85  179.411  3.5 
 80  179.367  3.5 


# Contour 1, label:        3
 180  108.09  3 
 175  108.186  3 
 170  108.438  3 
 165  108.744  3 
 160  108.978  3 
 155  109.029  3 
 150  108.841  3 
 145  108.426  3 
 140  107.86  3 
 135  107.258  3 
 130  106.72  3 
 125  106.299  3 
 120  105.8  3 
 115  105.322  3 
 113.45  105  3 
 110  104.538  3 
 105  103.569  3 
 100  102.29  3 
 95  100.797  3 
 90  101.988  3 
 86.3834  105  3 
 85  107.853  3 
 83.9337  110  3 
 83.6294  115  3 
 84.8265  120  3 
 85  120.366  3 
 87.0323  125  3 
 89.8757  130  3 
 88.3329  135  3 
 85.3833  140  3 
 85  141.272  3 
 83.8379  145  3 
 83.7256  150  3 
 85  153.11  3 
 86.0821  155  3 
 90  157.962  3 
 94.8444  160  3 
 95  160.049  3 
 100  161.086  3 
 105  161.575  3 
 110  161.629  3 
 115  161.288  3 
 120  160.551  3 
 122.51  160  3 
 125  159.157  3 
 130  157.126  3 
 135  155.097  3 
 135.27  155  3 
 140  153.123  3 
 145  151.662  3 
 150  150.604  3 
 154.09  150  3 
 155  149.846  3 
 160  149.284  3 
 165  148.963  3 
 170  148.805  3 
 175  148.742  3 
 180  148.727  3 

