
# Surface 0 of 1 surfaces

# Curve title: "'zpe.map.invtors1' using 5:3:9"

# Contour 0, label:   -0.032
 21.2649  150 -0.032 
 20  147.869 -0.032 
 17.1689  145 -0.032 
 15  143.983 -0.032 
 10  144.312 -0.032 
 8.31858  145 -0.032 
 5  148.488 -0.032 
 1.08434  150 -0.032 
 5  150.888 -0.032 
 10  152.577 -0.032 
 15  153.048 -0.032 
 20  151.357 -0.032 
 21.2649  150 -0.032 


# Contour 1, label:   -0.036
 20.9418  100 -0.036 
 20  101.861 -0.036 
 18.2432  105 -0.036 
 15.6705  110 -0.036 
 15  112.327 -0.036 
 13.8462  115 -0.036 
 14.3173  120 -0.036 
 15  120.873 -0.036 
 17.1909  125 -0.036 
 20  127.671 -0.036 
 22.1005  130 -0.036 
 25  132.589 -0.036 
 27.6881  135 -0.036 
 30  136.934 -0.036 
 33.8571  140 -0.036 
 35  141.031 -0.036 
 39.7573  145 -0.036 
 40  145.285 -0.036 
 44.1065  150 -0.036 
 45  153.75 -0.036 
 45.2801  155 -0.036 
 45  155.375 -0.036 
 40.7285  160 -0.036 
 40  160.288 -0.036 
 35  161.876 -0.036 
 30  163.181 -0.036 
 25  164.082 -0.036 
 20  164.712 -0.036 
 16.4646  165 -0.036 
 15  165.077 -0.036 
 10  165.243 -0.036 
 5  165.329 -0.036 
 0  165.358 -0.036 


# Contour 2, label:    -0.04
 34.7228  100 -0.04 
 31.7001  105 -0.04 
 30  108.457 -0.04 
 29.2862  110 -0.04 
 28.3584  115 -0.04 
 29.2918  120 -0.04 
 30  121.227 -0.04 
 32.4482  125 -0.04 
 35  127.597 -0.04 
 37.532  130 -0.04 
 40  131.936 -0.04 
 44.1403  135 -0.04 
 45  135.616 -0.04 
 50  139.325 -0.04 
 50.803  140 -0.04 
 55  143.924 -0.04 
 55.8976  145 -0.04 
 58.4099  150 -0.04 
 55.816  155 -0.04 
 55  156.202 -0.04 
 50  158.687 -0.04 
 48.78  160 -0.04 
 45  164.101 -0.04 
 43.5584  165 -0.04 
 40  166.718 -0.04 
 35  167.775 -0.04 
 30  168.707 -0.04 
 25  169.445 -0.04 
 20.0225  170 -0.04 
 20  170.002 -0.04 
 15  170.299 -0.04 
 10  170.486 -0.04 
 5  170.591 -0.04 
 0  170.628 -0.04 


# Contour 3, label:   -0.044
 48.1731  100 -0.044 
 46.5769  105 -0.044 
 45.4845  110 -0.044 
 45.4689  115 -0.044 
 47.3356  120 -0.044 
 50  123.476 -0.044 
 51.0049  125 -0.044 
 55  129.329 -0.044 
 55.4716  130 -0.044 
 59.7762  135 -0.044 
 60  135.247 -0.044 
 62.9819  140 -0.044 
 65  144.538 -0.044 
 65.0291  145 -0.044 
 65  145.058 -0.044 
 61.4963  150 -0.044 
 60  152.665 -0.044 
 58.2123  155 -0.044 
 55  159.731 -0.044 
 54.5346  160 -0.044 
 50.8188  165 -0.044 
 50  165.937 -0.044 
 45  169.455 -0.044 
 43.1818  170 -0.044 
 40  171.23 -0.044 
 35  172.589 -0.044 
 30  173.277 -0.044 
 25  173.688 -0.044 
 20  173.969 -0.044 
 15  174.17 -0.044 
 10  174.307 -0.044 
 5  174.389 -0.044 
 0  174.417 -0.044 


# Contour 4, label:   -0.048
 56.5464  100 -0.048 
 56.4712  105 -0.048 
 57.0088  110 -0.048 
 58.2532  115 -0.048 
 60  119.013 -0.048 
 60.3131  120 -0.048 
 62.3832  125 -0.048 
 65  129.699 -0.048 
 65.1121  130 -0.048 
 67.1605  135 -0.048 
 68.75  140 -0.048 
 66.2806  145 -0.048 
 65  147.537 -0.048 
 63.2541  150 -0.048 
 60.9218  155 -0.048 
 60.1404  160 -0.048 
 60  163.949 -0.048 
 59.9358  165 -0.048 
 60  165.771 -0.048 
 60.628  170 -0.048 
 62.5229  175 -0.048 
 60  177.018 -0.048 
 55  178.352 -0.048 
 50  178.857 -0.048 
 45  179.118 -0.048 
 40  179.274 -0.048 
 35  179.376 -0.048 
 30  179.44 -0.048 
 25  179.483 -0.048 
 20  179.511 -0.048 
 15  179.529 -0.048 
 10  179.537 -0.048 
 5  179.543 -0.048 
 0  179.544 -0.048 


# Contour 5, label:   -0.052
 180  158.969 -0.052 
 175  158.955 -0.052 
 170  158.927 -0.052 
 165  158.922 -0.052 
 160  159.081 -0.052 
 155  159.735 -0.052 
 154.104  160 -0.052 
 150  164.431 -0.052 
 149.691  165 -0.052 
 145.938  170 -0.052 
 145  170.362 -0.052 
 140  171.786 -0.052 
 135  172.647 -0.052 
 130  173.223 -0.052 
 125  173.623 -0.052 
 120  173.894 -0.052 
 115  174.051 -0.052 
 110  174.106 -0.052 
 105  174.061 -0.052 
 100  173.907 -0.052 
 95  173.628 -0.052 
 90  173.178 -0.052 
 85  172.472 -0.052 
 80  171.326 -0.052 
 76.3773  170 -0.052 
 75  169.568 -0.052 
 70  166.9 -0.052 
 68.0579  165 -0.052 
 65.2696  160 -0.052 
 65  158.428 -0.052 
 64.5509  155 -0.052 
 65  150.259 -0.052 
 65.0164  150 -0.052 
 67.5321  145 -0.052 
 70  141.368 -0.052 
 70.6772  140 -0.052 
 71.5527  135 -0.052 
 70.024  130 -0.052 
 70  129.919 -0.052 
 67.8858  125 -0.052 
 66.1066  120 -0.052 
 65  116.029 -0.052 
 64.5889  115 -0.052 
 63.0573  110 -0.052 
 62.1503  105 -0.052 
 61.8557  100 -0.052 


# Contour 6, label:   -0.056
 138.845  100 -0.056 
 135  101.268 -0.056 
 130  100.991 -0.056 
 128.15  100 -0.056 

 180  154.899 -0.056 
 175  154.823 -0.056 
 170  154.594 -0.056 
 165  154.216 -0.056 
 160  153.718 -0.056 
 155  153.207 -0.056 
 150  152.971 -0.056 
 145  153.725 -0.056 
 142.749  155 -0.056 
 140  158.581 -0.056 
 139.339  160 -0.056 
 136.596  165 -0.056 
 135  166.003 -0.056 
 130  168.087 -0.056 
 125  169.211 -0.056 
 120  169.856 -0.056 
 118.101  170 -0.056 
 115  170.257 -0.056 
 110  170.469 -0.056 
 105  170.471 -0.056 
 100  170.249 -0.056 
 97.3745  170 -0.056 
 95  169.845 -0.056 
 90  169.31 -0.056 
 85  168.443 -0.056 
 80  167.005 -0.056 
 75.8559  165 -0.056 
 75  164.554 -0.056 
 70.0193  160 -0.056 
 70  159.968 -0.056 
 67.8436  155 -0.056 
 67.4513  150 -0.056 
 68.7836  145 -0.056 
 70  143.21 -0.056 
 71.589  140 -0.056 
 74.8492  135 -0.056 
 73.1195  130 -0.056 
 71.5019  125 -0.056 
 70.0591  120 -0.056 
 70  119.765 -0.056 
 68.3405  115 -0.056 
 67.0011  110 -0.056 
 66.1531  105 -0.056 
 65.8225  100 -0.056 


# Contour 7, label:    -0.06
 149.063  100 -0.06 
 145  102.903 -0.06 
 141.703  105 -0.06 
 140  106.233 -0.06 
 135  108.048 -0.06 
 130  107.344 -0.06 
 126.712  105 -0.06 
 125  104.014 -0.06 
 121.156  100 -0.06 

 180  151.96 -0.06 
 175  151.826 -0.06 
 170  151.411 -0.06 
 165  150.702 -0.06 
 161.423  150 -0.06 
 160  149.718 -0.06 
 155  148.61 -0.06 
 150  147.48 -0.06 
 145  146.793 -0.06 
 140  147.516 -0.06 
 136.728  150 -0.06 
 135  152.263 -0.06 
 133.839  155 -0.06 
 131.708  160 -0.06 
 130  161.843 -0.06 
 125  165 -0.06 
 120  166.396 -0.06 
 115  167.225 -0.06 
 110  167.674 -0.06 
 105  167.829 -0.06 
 100  167.719 -0.06 
 95  167.326 -0.06 
 90  166.576 -0.06 
 85  165.299 -0.06 
 84.1714  165 -0.06 
 80  163.572 -0.06 
 75  160.408 -0.06 
 74.5534  160 -0.06 
 71.0069  155 -0.06 
 70  150.612 -0.06 
 69.8862  150 -0.06 
 70  146.873 -0.06 
 70.0488  145 -0.06 
 72.5008  140 -0.06 
 75  136.291 -0.06 
 76.9592  135 -0.06 
 75.723  130 -0.06 
 75  126.846 -0.06 
 74.3465  125 -0.06 
 72.6589  120 -0.06 
 71.2968  115 -0.06 
 70.1904  110 -0.06 
 70  108.723 -0.06 
 69.2486  105 -0.06 
 68.9061  100 -0.06 


# Contour 8, label:   -0.064
 156.291  100 -0.064 
 155  100.97 -0.064 
 150  104.952 -0.064 
 149.935  105 -0.064 
 145  109.536 -0.064 
 144.371  110 -0.064 
 140  114.111 -0.064 
 138.033  115 -0.064 
 135  116.714 -0.064 
 130  115.09 -0.064 
 129.934  115 -0.064 
 125  110.119 -0.064 
 124.939  110 -0.064 
 121.155  105 -0.064 
 120  103.801 -0.064 
 117.312  100 -0.064 

 180  149.106 -0.064 
 175  148.931 -0.064 
 170  148.396 -0.064 
 165  147.482 -0.064 
 160  146.167 -0.064 
 156.4  145 -0.064 
 155  144.465 -0.064 
 150  142.512 -0.064 
 145  140.7 -0.064 
 140.817  140 -0.064 
 140  139.803 -0.064 
 139.355  140 -0.064 
 135  141.498 -0.064 
 132.397  145 -0.064 
 130  149.802 -0.064 
 129.944  150 -0.064 
 128.534  155 -0.064 
 125.374  160 -0.064 
 125  160.286 -0.064 
 120  162.992 -0.064 
 115  164.341 -0.064 
 110.03  165 -0.064 
 110  165.004 -0.064 
 105  165.33 -0.064 
 100  165.272 -0.064 
 97.0479  165 -0.064 
 95  164.858 -0.064 
 90  164.151 -0.064 
 85  162.875 -0.064 
 80  160.593 -0.064 
 79.0949  160 -0.064 
 75  156.341 -0.064 
 74.0081  155 -0.064 
 72.0971  150 -0.064 
 71.7925  145 -0.064 
 73.4126  140 -0.064 
 75  137.644 -0.064 
 79.0124  135 -0.064 
 77.5652  130 -0.064 
 76.5341  125 -0.064 
 75.1852  120 -0.064 
 75  119.221 -0.064 
 73.7026  115 -0.064 
 72.4768  110 -0.064 
 71.6986  105 -0.064 
 71.498  100 -0.064 


# Contour 9, label:   -0.068
 114.086  100 -0.068 
 115  101.388 -0.068 
 117.653  105 -0.068 
 120  108.431 -0.068 
 121.265  110 -0.068 
 123.906  115 -0.068 
 125  117.891 -0.068 
 126.588  120 -0.068 
 129.095  125 -0.068 
 130  128.658 -0.068 
 130.84  130 -0.068 
 130  133.036 -0.068 
 129.802  135 -0.068 
 128.306  140 -0.068 
 126.963  145 -0.068 
 125.801  150 -0.068 
 125  152.454 -0.068 
 124.254  155 -0.068 
 120  159.557 -0.068 
 119.282  160 -0.068 
 115  161.73 -0.068 
 110  162.825 -0.068 
 105  163.323 -0.068 
 100  163.38 -0.068 
 95  163.019 -0.068 
 90  162.148 -0.068 
 85  160.527 -0.068 
 83.9051  160 -0.068 
 80  157.84 -0.068 
 76.944  155 -0.068 
 75  151.615 -0.068 
 74.2971  150 -0.068 
 73.5362  145 -0.068 
 74.3244  140 -0.068 
 75  138.997 -0.068 
 80  135.528 -0.068 
 80.3051  135 -0.068 
 80  131.913 -0.068 
 79.4073  130 -0.068 
 78.5257  125 -0.068 
 77.0469  120 -0.068 
 75.8128  115 -0.068 
 75  110.917 -0.068 
 74.7633  110 -0.068 
 73.9418  105 -0.068 
 73.8195  100 -0.068 

 180  146.421 -0.068 
 175  146.198 -0.068 
 170  145.516 -0.068 
 167.708  145 -0.068 
 165  144.307 -0.068 
 160  142.552 -0.068 
 155  140.274 -0.068 
 154.414  140 -0.068 
 150  137.378 -0.068 
 146.142  135 -0.068 
 145  133.542 -0.068 
 141.486  130 -0.068 
 141.706  125 -0.068 
 144.071  120 -0.068 
 145  118.802 -0.068 
 147.138  115 -0.068 
 150  111.544 -0.068 
 151.176  110 -0.068 
 155  106.251 -0.068 
 156.343  105 -0.068 
 160  102.189 -0.068 
 163.333  100 -0.068 


# Contour 10, label:   -0.072
 111.29  100 -0.072 
 114.62  105 -0.072 
 115  105.681 -0.072 
 117.95  110 -0.072 
 120  114.04 -0.072 
 120.526  115 -0.072 
 122.606  120 -0.072 
 123.736  125 -0.072 
 124.202  130 -0.072 
 124.133  135 -0.072 
 123.674  140 -0.072 
 123.249  145 -0.072 
 122.538  150 -0.072 
 120.532  155 -0.072 
 120  155.57 -0.072 
 115  159.121 -0.072 
 112.338  160 -0.072 
 110  160.646 -0.072 
 105  161.39 -0.072 
 100  161.558 -0.072 
 95  161.18 -0.072 
 90  160.145 -0.072 
 89.5725  160 -0.072 
 85  158.447 -0.072 
 80  155.142 -0.072 
 79.8476  155 -0.072 
 76.408  150 -0.072 
 75.2611  145 -0.072 
 75.354  140 -0.072 
 80  136.544 -0.072 
 80.893  135 -0.072 
 81.1936  130 -0.072 
 80.4236  125 -0.072 
 80  123.465 -0.072 
 78.9086  120 -0.072 
 77.5767  115 -0.072 
 76.5433  110 -0.072 
 75.9329  105 -0.072 
 75.9354  100 -0.072 

 180  143.656 -0.072 
 175  143.372 -0.072 
 170  142.505 -0.072 
 165  141.032 -0.072 
 162.438  140 -0.072 
 160  138.859 -0.072 
 155  135.872 -0.072 
 153.683  135 -0.072 
 150  130.345 -0.072 
 149.715  130 -0.072 
 149.159  125 -0.072 
 150  122.141 -0.072 
 150.527  120 -0.072 
 153.076  115 -0.072 
 155  112.523 -0.072 
 157.021  110 -0.072 
 160  107.208 -0.072 
 162.749  105 -0.072 
 165  103.477 -0.072 
 170  100.888 -0.072 
 172.766  100 -0.072 


# Contour 11, label:   -0.076
 108.638  100 -0.076 
 110  102 -0.076 
 112.065  105 -0.076 
 114.868  110 -0.076 
 115  110.278 -0.076 
 117.662  115 -0.076 
 119.588  120 -0.076 
 120  122.895 -0.076 
 120.408  125 -0.076 
 120.102  130 -0.076 
 120.026  135 -0.076 
 120.165  140 -0.076 
 120.149  145 -0.076 
 120  146.109 -0.076 
 119.596  150 -0.076 
 117.023  155 -0.076 
 115  156.517 -0.076 
 110  158.633 -0.076 
 105  159.545 -0.076 
 100  159.788 -0.076 
 95  159.482 -0.076 
 90  158.501 -0.076 
 85  156.444 -0.076 
 82.8398  155 -0.076 
 80  152.186 -0.076 
 78.4771  150 -0.076 
 76.8876  145 -0.076 
 76.7209  140 -0.076 
 80  137.561 -0.076 
 81.4808  135 -0.076 
 82.9534  130 -0.076 
 82.0544  125 -0.076 
 80.6267  120 -0.076 
 80  117.373 -0.076 
 79.3407  115 -0.076 
 78.2648  110 -0.076 
 77.6989  105 -0.076 
 77.8385  100 -0.076 

 180  102.906 -0.076 
 175  103.48 -0.076 
 170.539  105 -0.076 
 170  105.209 -0.076 
 165  108.305 -0.076 
 162.924  110 -0.076 
 160  113.141 -0.076 
 158.487  115 -0.076 
 155.839  120 -0.076 
 155  123.57 -0.076 
 154.649  125 -0.076 
 155  127.327 -0.076 
 155.4  130 -0.076 
 159.908  135 -0.076 
 160  135.057 -0.076 
 165  137.683 -0.076 
 170  139.454 -0.076 
 172.59  140 -0.076 
 175  140.473 -0.076 
 180  140.8 -0.076 


# Contour 12, label:    -0.08
 106.109  100 -0.08 
 109.571  105 -0.08 
 110  105.756 -0.08 
 112.525  110 -0.08 
 114.915  115 -0.08 
 115  115.211 -0.08 
 117.142  120 -0.08 
 118.273  125 -0.08 
 118.526  130 -0.08 
 117.038  135 -0.08 
 117.628  140 -0.08 
 117.84  145 -0.08 
 117.199  150 -0.08 
 115  153.436 -0.08 
 113.379  155 -0.08 
 110  156.69 -0.08 
 105  157.924 -0.08 
 100  158.325 -0.08 
 95  158.036 -0.08 
 90  156.884 -0.08 
 85.9666  155 -0.08 
 85  154.43 -0.08 
 80.5424  150 -0.08 
 80  148.879 -0.08 
 78.5142  145 -0.08 
 78.0878  140 -0.08 
 80  138.578 -0.08 
 82.0687  135 -0.08 
 84.7132  130 -0.08 
 83.6852  125 -0.08 
 82.1414  120 -0.08 
 80.9138  115 -0.08 
 80  110.063 -0.08 
 79.9862  110 -0.08 
 79.4649  105 -0.08 
 79.7417  100 -0.08 

 180  107.25 -0.08 
 175  107.924 -0.08 
 170  109.951 -0.08 
 169.924  110 -0.08 
 165  114.039 -0.08 
 164.102  115 -0.08 
 161.037  120 -0.08 
 160  124.003 -0.08 
 159.761  125 -0.08 
 160  126.297 -0.08 
 160.758  130 -0.08 
 165  133.92 -0.08 
 166.62  135 -0.08 
 170  136.344 -0.08 
 175  137.521 -0.08 
 180  137.903 -0.08 


# Contour 13, label:   -0.084
 103.752  100 -0.084 
 105  101.749 -0.084 
 107.334  105 -0.084 
 110  109.692 -0.084 
 110.183  110 -0.084 
 112.719  115 -0.084 
 114.746  120 -0.084 
 115  120.79 -0.084 
 116.306  125 -0.084 
 117.015  130 -0.084 
 115  134.041 -0.084 
 114.294  135 -0.084 
 115  139.245 -0.084 
 115.14  140 -0.084 
 115.57  145 -0.084 
 115  148.764 -0.084 
 114.826  150 -0.084 
 110  154.731 -0.084 
 109.304  155 -0.084 
 105  156.303 -0.084 
 100  156.862 -0.084 
 95  156.591 -0.084 
 90  155.267 -0.084 
 89.428  155 -0.084 
 85  152.388 -0.084 
 82.5968  150 -0.084 
 80.1389  145 -0.084 
 80  144.109 -0.084 
 79.4546  140 -0.084 
 80  139.594 -0.084 
 82.6565  135 -0.084 
 85  130.868 -0.084 
 86.3751  130 -0.084 
 85.2695  125 -0.084 
 85  124.104 -0.084 
 83.6561  120 -0.084 
 82.3729  115 -0.084 
 81.4558  110 -0.084 
 81.0853  105 -0.084 
 81.5849  100 -0.084 

 180  112.202 -0.084 
 175  113.084 -0.084 
 171.369  115 -0.084 
 170  116.084 -0.084 
 166.876  120 -0.084 
 165.228  125 -0.084 
 166.716  130 -0.084 
 170  132.278 -0.084 
 175  134.317 -0.084 
 180  134.984 -0.084 


# Contour 14, label:   -0.088
 101.53  100 -0.088 
 105  104.865 -0.088 
 105.097  105 -0.088 
 108.159  110 -0.088 
 110  113.975 -0.088 
 110.522  115 -0.088 
 112.703  120 -0.088 
 114.456  125 -0.088 
 115  127.512 -0.088 
 115.504  130 -0.088 
 115  131.01 -0.088 
 112.065  135 -0.088 
 113.226  140 -0.088 
 113.671  145 -0.088 
 112.717  150 -0.088 
 110  152.663 -0.088 
 105  154.713 -0.088 
 102.906  155 -0.088 
 100  155.398 -0.088 
 95  155.146 -0.088 
 94.4615  155 -0.088 
 90  153.729 -0.088 
 85  150.347 -0.088 
 84.6513  150 -0.088 
 81.7448  145 -0.088 
 80.8397  140 -0.088 
 83.2444  135 -0.088 
 85  131.904 -0.088 
 88.0179  130 -0.088 
 86.6608  125 -0.088 
 85.1485  120 -0.088 
 85  119.383 -0.088 
 83.832  115 -0.088 
 82.9234  110 -0.088 
 82.6425  105 -0.088 
 83.4188  100 -0.088 

 180  119.024 -0.088 
 176.448  120 -0.088 
 175  120.96 -0.088 
 172.899  125 -0.088 
 175  128.914 -0.088 
 176.737  130 -0.088 
 180  130.484 -0.088 


# Contour 15, label:   -0.092
 99.3899  100 -0.092 
 100  100.746 -0.092 
 103.25  105 -0.092 
 105  108.111 -0.092 
 106.161  110 -0.092 
 108.61  115 -0.092 
 110  118.513 -0.092 
 110.659  120 -0.092 
 112.839  125 -0.092 
 113.652  130 -0.092 
 110  134.805 -0.092 
 109.865  135 -0.092 
 110  135.466 -0.092 
 111.345  140 -0.092 
 111.896  145 -0.092 
 110.607  150 -0.092 
 110  150.596 -0.092 
 105  153.25 -0.092 
 100  154.077 -0.092 
 95  153.903 -0.092 
 90  152.205 -0.092 
 86.8221  150 -0.092 
 85  147.765 -0.092 
 83.3507  145 -0.092 
 82.237  140 -0.092 
 83.8322  135 -0.092 
 85  132.941 -0.092 
 89.6608  130 -0.092 
 88.052  125 -0.092 
 86.4652  120 -0.092 
 85.2697  115 -0.092 
 85  113.377 -0.092 
 84.391  110 -0.092 
 84.1996  105 -0.092 
 85  101.057 -0.092 
 85.3074  100 -0.092 


# Contour 16, label:   -0.096
 97.433  100 -0.096 
 100  103.14 -0.096 
 101.421  105 -0.096 
 104.331  110 -0.096 
 105  111.499 -0.096 
 106.785  115 -0.096 
 108.862  120 -0.096 
 110  122.362 -0.096 
 111.223  125 -0.096 
 111.63  130 -0.096 
 110  132.145 -0.096 
 108.026  135 -0.096 
 109.523  140 -0.096 
 110  144.035 -0.096 
 110.121  145 -0.096 
 110  145.436 -0.096 
 108.159  150 -0.096 
 105  151.787 -0.096 
 100  152.808 -0.096 
 95  152.683 -0.096 
 90  150.682 -0.096 
 89.0168  150 -0.096 
 85  145.073 -0.096 
 84.9566  145 -0.096 
 83.6342  140 -0.096 
 84.4201  135 -0.096 
 85  133.977 -0.096 
 90  130.859 -0.096 
 91.9097  130 -0.096 
 90  126.676 -0.096 
 89.4432  125 -0.096 
 87.7819  120 -0.096 
 86.6214  115 -0.096 
 85.9012  110 -0.096 
 85.8606  105 -0.096 
 87.5388  100 -0.096 


# Contour 17, label:     -0.1
 95.476  100 -0.1 
 99.4782  105 -0.1 
 100  105.577 -0.1 
 102.735  110 -0.1 
 104.966  115 -0.1 
 105  115.081 -0.1 
 107.181  120 -0.1 
 109.471  125 -0.1 
 109.509  130 -0.1 
 106.186  135 -0.1 
 107.847  140 -0.1 
 108.502  145 -0.1 
 105.573  150 -0.1 
 105  150.324 -0.1 
 100  151.539 -0.1 
 95  151.463 -0.1 
 91.5762  150 -0.1 
 90  148.882 -0.1 
 86.6831  145 -0.1 
 85.0378  140 -0.1 
 85.0238  135 -0.1 
 90  131.942 -0.1 
 94.3165  130 -0.1 
 91.1095  125 -0.1 
 90  122.665 -0.1 
 89.0987  120 -0.1 
 87.9731  115 -0.1 
 87.4418  110 -0.1 
 87.6313  105 -0.1 
 89.7702  100 -0.1 


# Contour 18, label:   -0.104
 105.5  120 -0.104 
 105  118.873 -0.104 
 103.371  115 -0.104 
 101.138  110 -0.104 
 100  108.159 -0.104 
 97.1409  105 -0.104 
 95  102.262 -0.104 
 90  103.632 -0.104 
 89.4019  105 -0.104 
 88.9824  110 -0.104 
 89.3248  115 -0.104 
 90  118.064 -0.104 
 90.6129  120 -0.104 
 92.9595  125 -0.104 
 95  128.032 -0.104 
 97.171  130 -0.104 
 95  131.004 -0.104 
 90  133.024 -0.104 
 86.7853  135 -0.104 
 86.716  140 -0.104 
 88.4129  145 -0.104 
 90  146.858 -0.104 
 94.4318  150 -0.104 
 95  150.243 -0.104 
 100  150.27 -0.104 
 101.073  150 -0.104 
 105  148.011 -0.104 
 106.894  145 -0.104 
 106.17  140 -0.104 
 105  136.685 -0.104 
 104.236  135 -0.104 
 105  133.43 -0.104 
 106.97  130 -0.104 
 107.3  125 -0.104 
 105.5  120 -0.104 


# Contour 19, label:   -0.108
 105.287  145 -0.108 
 105  143.142 -0.108 
 104.311  140 -0.108 
 102.083  135 -0.108 
 100  130.324 -0.108 
 95  132.407 -0.108 
 90  134.107 -0.108 
 88.5468  135 -0.108 
 88.3943  140 -0.108 
 90  144.603 -0.108 
 90.1974  145 -0.108 
 95  148.574 -0.108 
 100  148.607 -0.108 
 105  145.456 -0.108 
 105.287  145 -0.108 

 105.128  125 -0.108 
 105  124.613 -0.108 
 103.344  120 -0.108 
 101.775  115 -0.108 
 100  111.025 -0.108 
 99.0822  110 -0.108 
 95  105.309 -0.108 
 91.0504  110 -0.108 
 91.1426  115 -0.108 
 92.5556  120 -0.108 
 94.8095  125 -0.108 
 95  125.283 -0.108 
 100  129.744 -0.108 
 105  126.041 -0.108 
 105.128  125 -0.108 


# Contour 20, label:   -0.112
 102.029  140 -0.112 
 100  135.176 -0.112 
 99.8157  135 -0.112 
 95  133.809 -0.112 
 90.8543  135 -0.112 
 90.1475  140 -0.112 
 92.59  145 -0.112 
 95  146.793 -0.112 
 100  146.839 -0.112 
 102.793  145 -0.112 
 102.029  140 -0.112 

 100.18  115 -0.112 
 100  114.597 -0.112 
 95.8842  110 -0.112 
 95  108.984 -0.112 
 94.1445  110 -0.112 
 93.4254  115 -0.112 
 94.4983  120 -0.112 
 95  121.118 -0.112 
 98.9394  125 -0.112 
 100  125.923 -0.112 
 101.021  125 -0.112 
 100.987  120 -0.112 
 100.18  115 -0.112 


# Contour 21, label:   -0.116
 100.106  145 -0.116 
 100  143.688 -0.116 
 98.9607  140 -0.116 
 95  136.314 -0.116 
 93.5575  140 -0.116 
 94.9827  145 -0.116 
 95  145.013 -0.116 
 100  145.07 -0.116 
 100.106  145 -0.116 

