
# Surface 0 of 1 surfaces

# Curve title: "'zpe.map.invtors1' using 5:3:9"

# Contour 0, label:    -0.04
 34.7228  100 -0.04 
 31.7001  105 -0.04 
 30  108.457 -0.04 
 29.2862  110 -0.04 
 28.3584  115 -0.04 
 29.2918  120 -0.04 
 30  121.227 -0.04 
 32.4482  125 -0.04 
 35  127.597 -0.04 
 37.532  130 -0.04 
 40  131.936 -0.04 
 44.1403  135 -0.04 
 45  135.616 -0.04 
 50  139.325 -0.04 
 50.803  140 -0.04 
 55  143.924 -0.04 
 55.8976  145 -0.04 
 58.4099  150 -0.04 
 55.816  155 -0.04 
 55  156.202 -0.04 
 50  158.687 -0.04 
 48.78  160 -0.04 
 45  164.101 -0.04 
 43.5584  165 -0.04 
 40  166.718 -0.04 
 35  167.775 -0.04 
 30  168.707 -0.04 
 25  169.445 -0.04 
 20.0225  170 -0.04 
 20  170.002 -0.04 
 15  170.299 -0.04 
 10  170.486 -0.04 
 5  170.591 -0.04 
 0  170.628 -0.04 


# Contour 1, label:    -0.06
 149.063  100 -0.06 
 145  102.903 -0.06 
 141.703  105 -0.06 
 140  106.233 -0.06 
 135  108.048 -0.06 
 130  107.344 -0.06 
 126.712  105 -0.06 
 125  104.014 -0.06 
 121.156  100 -0.06 

 180  151.96 -0.06 
 175  151.826 -0.06 
 170  151.411 -0.06 
 165  150.702 -0.06 
 161.423  150 -0.06 
 160  149.718 -0.06 
 155  148.61 -0.06 
 150  147.48 -0.06 
 145  146.793 -0.06 
 140  147.516 -0.06 
 136.728  150 -0.06 
 135  152.263 -0.06 
 133.839  155 -0.06 
 131.708  160 -0.06 
 130  161.843 -0.06 
 125  165 -0.06 
 120  166.396 -0.06 
 115  167.225 -0.06 
 110  167.674 -0.06 
 105  167.829 -0.06 
 100  167.719 -0.06 
 95  167.326 -0.06 
 90  166.576 -0.06 
 85  165.299 -0.06 
 84.1714  165 -0.06 
 80  163.572 -0.06 
 75  160.408 -0.06 
 74.5534  160 -0.06 
 71.0069  155 -0.06 
 70  150.612 -0.06 
 69.8862  150 -0.06 
 70  146.873 -0.06 
 70.0488  145 -0.06 
 72.5008  140 -0.06 
 75  136.291 -0.06 
 76.9592  135 -0.06 
 75.723  130 -0.06 
 75  126.846 -0.06 
 74.3465  125 -0.06 
 72.6589  120 -0.06 
 71.2968  115 -0.06 
 70.1904  110 -0.06 
 70  108.723 -0.06 
 69.2486  105 -0.06 
 68.9061  100 -0.06 


# Contour 2, label:    -0.08
 106.109  100 -0.08 
 109.571  105 -0.08 
 110  105.756 -0.08 
 112.525  110 -0.08 
 114.915  115 -0.08 
 115  115.211 -0.08 
 117.142  120 -0.08 
 118.273  125 -0.08 
 118.526  130 -0.08 
 117.038  135 -0.08 
 117.628  140 -0.08 
 117.84  145 -0.08 
 117.199  150 -0.08 
 115  153.436 -0.08 
 113.379  155 -0.08 
 110  156.69 -0.08 
 105  157.924 -0.08 
 100  158.325 -0.08 
 95  158.036 -0.08 
 90  156.884 -0.08 
 85.9666  155 -0.08 
 85  154.43 -0.08 
 80.5424  150 -0.08 
 80  148.879 -0.08 
 78.5142  145 -0.08 
 78.0878  140 -0.08 
 80  138.578 -0.08 
 82.0687  135 -0.08 
 84.7132  130 -0.08 
 83.6852  125 -0.08 
 82.1414  120 -0.08 
 80.9138  115 -0.08 
 80  110.063 -0.08 
 79.9862  110 -0.08 
 79.4649  105 -0.08 
 79.7417  100 -0.08 

 180  107.25 -0.08 
 175  107.924 -0.08 
 170  109.951 -0.08 
 169.924  110 -0.08 
 165  114.039 -0.08 
 164.102  115 -0.08 
 161.037  120 -0.08 
 160  124.003 -0.08 
 159.761  125 -0.08 
 160  126.297 -0.08 
 160.758  130 -0.08 
 165  133.92 -0.08 
 166.62  135 -0.08 
 170  136.344 -0.08 
 175  137.521 -0.08 
 180  137.903 -0.08 


# Contour 3, label:     -0.1
 95.476  100 -0.1 
 99.4782  105 -0.1 
 100  105.577 -0.1 
 102.735  110 -0.1 
 104.966  115 -0.1 
 105  115.081 -0.1 
 107.181  120 -0.1 
 109.471  125 -0.1 
 109.509  130 -0.1 
 106.186  135 -0.1 
 107.847  140 -0.1 
 108.502  145 -0.1 
 105.573  150 -0.1 
 105  150.324 -0.1 
 100  151.539 -0.1 
 95  151.463 -0.1 
 91.5762  150 -0.1 
 90  148.882 -0.1 
 86.6831  145 -0.1 
 85.0378  140 -0.1 
 85.0238  135 -0.1 
 90  131.942 -0.1 
 94.3165  130 -0.1 
 91.1095  125 -0.1 
 90  122.665 -0.1 
 89.0987  120 -0.1 
 87.9731  115 -0.1 
 87.4418  110 -0.1 
 87.6313  105 -0.1 
 89.7702  100 -0.1 

