
# Surface 0 of 1 surfaces

# Curve title: "'zpe.map.invtors1' using 5:3:7"

# Contour 0, label:     3.65
 34.1733  100  3.65 
 30  100.174  3.65 
 25  100.2  3.65 
 20  100.153  3.65 
 15.5197  100  3.65 


# Contour 1, label:      3.6
 51.3165  100  3.6 
 50  100.357  3.6 
 45  101.317  3.6 
 40  101.957  3.6 
 35  102.337  3.6 
 30  102.495  3.6 
 25  102.457  3.6 
 20  102.301  3.6 
 15  102.044  3.6 
 10  101.762  3.6 
 5  101.55  3.6 
 0  101.472  3.6 


# Contour 2, label:     3.55
 59.0619  100  3.55 
 55  101.505  3.55 
 50  102.85  3.55 
 45  103.78  3.55 
 40  104.378  3.55 
 35  104.709  3.55 
 30  104.816  3.55 
 25  104.714  3.55 
 20  104.449  3.55 
 15  104.104  3.55 
 10  103.749  3.55 
 5  103.485  3.55 
 0  103.39  3.55 


# Contour 3, label:      3.5
 64.4273  100  3.5 
 60  102.163  3.5 
 55  104.016  3.5 
 51.3011  105  3.5 
 50  105.627  3.5 
 45  107.222  3.5 
 40  108.181  3.5 
 35  108.654  3.5 
 30  108.722  3.5 
 25  108.417  3.5 
 20  107.796  3.5 
 15  107.005  3.5 
 10  106.243  3.5 
 5  105.701  3.5 
 0  105.51  3.5 

 180  174.301  3.5 
 175  174.368  3.5 
 170  174.556  3.5 
 165  174.832  3.5 
 162.529  175  3.5 
 160  176.048  3.5 
 155  177.43  3.5 
 150  178.204  3.5 
 145  178.674  3.5 
 140  178.975  3.5 
 135  179.175  3.5 
 130  179.309  3.5 
 125  179.399  3.5 
 120  179.457  3.5 
 115  179.491  3.5 
 110  179.507  3.5 
 105  179.508  3.5 
 100  179.497  3.5 
 95  179.477  3.5 
 90  179.448  3.5 
 85  179.411  3.5 
 80  179.367  3.5 
 75  179.314  3.5 
 70  179.254  3.5 
 65  179.186  3.5 
 60  179.114  3.5 
 55  179.041  3.5 
 50  178.975  3.5 
 45  178.927  3.5 
 40  178.903  3.5 
 35  178.906  3.5 
 30  178.932  3.5 
 25  178.975  3.5 
 20  179.024  3.5 
 15  179.071  3.5 
 10  179.108  3.5 
 5  179.133  3.5 
 0  179.141  3.5 


# Contour 4, label:     3.45
 68.5638  100  3.45 
 65  102.197  3.45 
 60  104.673  3.45 
 59.1171  105  3.45 
 55  107.866  3.45 
 50.3895  110  3.45 
 50  110.353  3.45 
 45  113.136  3.45 
 40  114.573  3.45 
 35.9706  115  3.45 
 35  115.181  3.45 
 32.5548  115  3.45 
 30  114.903  3.45 
 25  114.072  3.45 
 20  112.684  3.45 
 15  110.952  3.45 
 12.1652  110  3.45 
 10  109.6  3.45 
 5  108.928  3.45 
 0  108.689  3.45 

 180  169.97  3.45 
 178.226  170  3.45 
 175  170.092  3.45 
 170  170.499  3.45 
 165  171.103  3.45 
 160  171.813  3.45 
 155  172.542  3.45 
 150  173.216  3.45 
 145  173.792  3.45 
 140  174.264  3.45 
 135  174.645  3.45 
 130  174.954  3.45 
 129.103  175  3.45 
 125  175.486  3.45 
 120  175.898  3.45 
 115  176.168  3.45 
 110  176.33  3.45 
 105  176.402  3.45 
 100  176.399  3.45 
 95  176.326  3.45 
 90  176.187  3.45 
 85  175.982  3.45 
 80  175.712  3.45 
 75  175.373  3.45 
 70.34  175  3.45 
 70  174.979  3.45 
 65  174.627  3.45 
 60  174.177  3.45 
 55  173.641  3.45 
 50  173.076  3.45 
 45  172.613  3.45 
 40  172.403  3.45 
 35  172.521  3.45 
 30  172.864  3.45 
 25  173.237  3.45 
 20  173.553  3.45 
 15  173.795  3.45 
 10  173.961  3.45 
 5  174.058  3.45 
 0  174.09  3.45 


# Contour 5, label:      3.4
 0  113.117  3.4 
 5  113.616  3.4 
 9.89651  115  3.4 
 10  115.046  3.4 
 15  118.145  3.4 
 17.8236  120  3.4 
 20  122.026  3.4 
 23.3757  125  3.4 
 25  126.933  3.4 
 27.7424  130  3.4 
 30  132.994  3.4 
 31.624  135  3.4 
 35  139.891  3.4 
 35.0818  140  3.4 
 38.3958  145  3.4 
 40  148.877  3.4 
 40.5409  150  3.4 
 41.4967  155  3.4 
 40.1085  160  3.4 
 40  160.11  3.4 
 35  164.761  3.4 
 34.6878  165  3.4 
 30  166.863  3.4 
 25  168.239  3.4 
 20  169.205  3.4 
 15  169.868  3.4 
 13.5507  170  3.4 
 10  170.307  3.4 
 5  170.561  3.4 
 0  170.643  3.4 

 180  167.404  3.4 
 175  167.491  3.4 
 170  167.755  3.4 
 165  168.208  3.4 
 160  168.853  3.4 
 155  169.672  3.4 
 153.287  170  3.4 
 150  170.658  3.4 
 145  171.55  3.4 
 140  172.261  3.4 
 135  172.815  3.4 
 130  173.247  3.4 
 125  173.579  3.4 
 120  173.826  3.4 
 115  173.999  3.4 
 110  174.102  3.4 
 105  174.138  3.4 
 100  174.106  3.4 
 95  174.003  3.4 
 90  173.821  3.4 
 85  173.548  3.4 
 80  173.163  3.4 
 75  172.641  3.4 
 70  171.945  3.4 
 65  171.036  3.4 
 60.4172  170  3.4 
 60  169.79  3.4 
 55  166.159  3.4 
 53.847  165  3.4 
 55  163.85  3.4 
 56.7556  160  3.4 
 60  156.675  3.4 
 60.9582  155  3.4 
 64.5082  150  3.4 
 64.2294  145  3.4 
 63.2595  140  3.4 
 60.2431  135  3.4 
 60  134.554  3.4 
 56.9167  130  3.4 
 55  125.715  3.4 
 54.5977  125  3.4 
 53.8535  120  3.4 
 55  116.978  3.4 
 55.438  115  3.4 
 58.8739  110  3.4 
 60  109.227  3.4 
 64.3346  105  3.4 
 65  104.67  3.4 
 70  101.536  3.4 
 72.0842  100  3.4 


# Contour 6, label:     3.35
 0  120.092  3.35 
 5  121.151  3.35 
 10  124.241  3.35 
 10.8715  125  3.35 
 15  128.968  3.35 
 15.9288  130  3.35 
 20  134.9  3.35 
 20.082  135  3.35 
 23.9208  140  3.35 
 25  141.728  3.35 
 27.1732  145  3.35 
 29.3518  150  3.35 
 29.9867  155  3.35 
 27.9812  160  3.35 
 25  162.155  3.35 
 20  164.756  3.35 
 19.3515  165  3.35 
 15  166.011  3.35 
 10  166.772  3.35 
 5  167.197  3.35 
 0  167.334  3.35 

 180  164.863  3.35 
 175  164.937  3.35 
 173.629  165  3.35 
 170  165.195  3.35 
 165  165.663  3.35 
 160  166.344  3.35 
 155  167.229  3.35 
 150  168.262  3.35 
 145  169.321  3.35 
 141.476  170  3.35 
 140  170.259  3.35 
 135  170.986  3.35 
 130  171.539  3.35 
 125  171.956  3.35 
 120  172.257  3.35 
 115  172.456  3.35 
 110  172.559  3.35 
 105  172.566  3.35 
 100  172.477  3.35 
 95  172.282  3.35 
 90  171.968  3.35 
 85  171.512  3.35 
 80  170.883  3.35 
 75  170.035  3.35 
 74.819  170  3.35 
 70  168.593  3.35 
 65  166.186  3.35 
 63.2202  165  3.35 
 62.3481  160  3.35 
 64.5143  155  3.35 
 65  154.378  3.35 
 67.3683  150  3.35 
 70  145.849  3.35 
 70.4236  145  3.35 
 70.1793  140  3.35 
 70  139.06  3.35 
 68.9485  135  3.35 
 66.0861  130  3.35 
 65  127.592  3.35 
 63.5816  125  3.35 
 62.1484  120  3.35 
 62.2683  115  3.35 
 64.3013  110  3.35 
 65  109.319  3.35 
 68.2951  105  3.35 
 70  103.928  3.35 
 75  100.23  3.35 
 75.2804  100  3.35 


# Contour 7, label:      3.3
 0  128.762  3.3 
 4.96132  130  3.3 
 5  130.01  3.3 
 10  133.485  3.3 
 11.4894  135  3.3 
 15  138.899  3.3 
 15.8799  140  3.3 
 19.138  145  3.3 
 20  147.183  3.3 
 21.1702  150  3.3 
 21.2173  155  3.3 
 20  156.878  3.3 
 17.337  160  3.3 
 15  161.103  3.3 
 10  162.683  3.3 
 5  163.527  3.3 
 0  163.792  3.3 

 180  162.678  3.3 
 175  162.744  3.3 
 170  162.952  3.3 
 165  163.333  3.3 
 160  163.93  3.3 
 155  164.793  3.3 
 154.089  165  3.3 
 150  165.922  3.3 
 145  167.121  3.3 
 140  168.223  3.3 
 135  169.13  3.3 
 130  169.828  3.3 
 128.38  170  3.3 
 125  170.333  3.3 
 120  170.688  3.3 
 115  170.912  3.3 
 110  171.015  3.3 
 105  170.995  3.3 
 100  170.848  3.3 
 95  170.561  3.3 
 90  170.114  3.3 
 89.0349  170  3.3 
 85  169.453  3.3 
 80  168.469  3.3 
 75  166.987  3.3 
 70.5699  165  3.3 
 70  164.413  3.3 
 67.15  160  3.3 
 67.771  155  3.3 
 69.8321  150  3.3 
 70  149.735  3.3 
 72.3625  145  3.3 
 75  140.279  3.3 
 75.1359  140  3.3 
 75  138.126  3.3 
 74.3211  135  3.3 
 71.4417  130  3.3 
 70  126.845  3.3 
 69.0227  125  3.3 
 67.3494  120  3.3 
 67.0289  115  3.3 
 68.2689  110  3.3 
 70  107.734  3.3 
 71.6543  105  3.3 
 75  102.485  3.3 
 78.0319  100  3.3 


# Contour 8, label:     3.25
 0  136.934  3.25 
 5  138.362  3.25 
 7.08726  140  3.25 
 10  142.978  3.25 
 11.4549  145  3.25 
 13.2638  150  3.25 
 12.0371  155  3.25 
 10  156.588  3.25 
 5  158.713  3.25 
 0  159.341  3.25 

 180  160.493  3.25 
 175  160.551  3.25 
 170  160.736  3.25 
 165  161.078  3.25 
 160  161.626  3.25 
 155  162.432  3.25 
 150  163.536  3.25 
 145  164.911  3.25 
 144.707  165  3.25 
 140  166.183  3.25 
 135  167.244  3.25 
 130  168.074  3.25 
 125  168.689  3.25 
 120  169.117  3.25 
 115  169.376  3.25 
 110  169.483  3.25 
 105  169.439  3.25 
 100  169.238  3.25 
 95  168.855  3.25 
 90  168.245  3.25 
 85  167.328  3.25 
 80  165.971  3.25 
 77.3664  165  3.25 
 75  163.473  3.25 
 71.5907  160  3.25 
 70.9299  155  3.25 
 72.1893  150  3.25 
 74.3014  145  3.25 
 75  143.749  3.25 
 76.829  140  3.25 
 77.7477  135  3.25 
 75.4796  130  3.25 
 75  128.73  3.25 
 73.0262  125  3.25 
 71.3244  120  3.25 
 70.814  115  3.25 
 71.6281  110  3.25 
 74.6532  105  3.25 
 75  104.739  3.25 
 80  100.596  3.25 
 80.7011  100  3.25 


# Contour 9, label:      3.2
 180  158.301  3.2 
 175  158.35  3.2 
 170  158.509  3.2 
 165  158.812  3.2 
 160  159.311  3.2 
 155.464  160  3.2 
 155  160.071  3.2 
 150  161.118  3.2 
 145  162.459  3.2 
 140  163.977  3.2 
 136.555  165  3.2 
 135  165.358  3.2 
 130  166.321  3.2 
 125  167.041  3.2 
 120  167.544  3.2 
 115  167.851  3.2 
 110  167.973  3.2 
 105  167.91  3.2 
 100  167.649  3.2 
 95  167.157  3.2 
 90  166.374  3.2 
 85  165.203  3.2 
 84.3238  165  3.2 
 80  163.07  3.2 
 75.8725  160  3.2 
 75  158.106  3.2 
 73.9746  155  3.2 
 74.5386  150  3.2 
 75  148.825  3.2 
 76.2216  145  3.2 
 78.522  140  3.2 
 80  136.247  3.2 
 80.575  135  3.2 
 80  133.513  3.2 
 78.1616  130  3.2 
 76.4197  125  3.2 
 75  120.864  3.2 
 74.6683  120  3.2 
 73.9152  115  3.2 
 74.6277  110  3.2 
 75  109.385  3.2 
 77.2228  105  3.2 
 80  102.688  3.2 
 83.1637  100  3.2 


# Contour 10, label:     3.15
 152.825  100  3.15 
 150  100.125  3.15 
 145  100.198  3.15 
 140  100.161  3.15 
 135  100.091  3.15 
 130  100.069  3.15 
 125  100.14  3.15 
 120  100.272  3.15 
 115  100.295  3.15 
 110  100.027  3.15 
 109.797  100  3.15 

 180  156.107  3.15 
 175  156.147  3.15 
 170  156.278  3.15 
 165  156.535  3.15 
 160  156.97  3.15 
 155  157.648  3.15 
 150  158.639  3.15 
 145.024  160  3.15 
 145  160.006  3.15 
 140  161.544  3.15 
 135  163.104  3.15 
 130  164.459  3.15 
 127.454  165  3.15 
 125  165.392  3.15 
 120  165.972  3.15 
 115  166.326  3.15 
 110  166.464  3.15 
 105  166.382  3.15 
 100  166.061  3.15 
 95  165.458  3.15 
 92.4784  165  3.15 
 90  164.452  3.15 
 85  162.757  3.15 
 80.1237  160  3.15 
 80  159.864  3.15 
 76.9839  155  3.15 
 76.8495  150  3.15 
 78.1313  145  3.15 
 80  140.574  3.15 
 80.2176  140  3.15 
 82.5571  135  3.15 
 80.9678  130  3.15 
 80  126.926  3.15 
 79.4107  125  3.15 
 77.4388  120  3.15 
 76.6427  115  3.15 
 77.1489  110  3.15 
 79.7362  105  3.15 
 80  104.78  3.15 
 85  100.491  3.15 
 85.6021  100  3.15 


# Contour 11, label:      3.1
 180  153.795  3.1 
 175  153.829  3.1 
 170  153.944  3.1 
 165  154.178  3.1 
 160  154.589  3.1 
 156.838  155  3.1 
 155  155.223  3.1 
 150  156.108  3.1 
 145  157.345  3.1 
 140  158.975  3.1 
 137.359  160  3.1 
 135  160.763  3.1 
 130  162.266  3.1 
 125  163.457  3.1 
 120  164.287  3.1 
 115  164.772  3.1 
 110  164.949  3.1 
 105  164.843  3.1 
 100  164.442  3.1 
 95  163.676  3.1 
 90  162.386  3.1 
 85  160.276  3.1 
 84.5115  160  3.1 
 80  155.04  3.1 
 79.9752  155  3.1 
 79.1509  150  3.1 
 80  145.275  3.1 
 80.0407  145  3.1 
 81.931  140  3.1 
 84.5392  135  3.1 
 84.0447  130  3.1 
 82.1479  125  3.1 
 80.1269  120  3.1 
 80  119.295  3.1 
 79.1693  115  3.1 
 79.6023  110  3.1 
 80  109.233  3.1 
 82.0043  105  3.1 
 85  102.419  3.1 
 87.9696  100  3.1 

 180  101.296  3.1 
 175  101.401  3.1 
 170  101.686  3.1 
 165  102.065  3.1 
 160  102.43  3.1 
 155  102.684  3.1 
 150  102.774  3.1 
 145  102.701  3.1 
 140  102.516  3.1 
 135  102.305  3.1 
 130  102.144  3.1 
 125  102.078  3.1 
 120  102.067  3.1 
 115  101.939  3.1 
 110  101.531  3.1 
 105  100.796  3.1 
 101.292  100  3.1 


# Contour 12, label:     3.05
 180  151.365  3.05 
 175  151.388  3.05 
 170  151.472  3.05 
 165  151.656  3.05 
 160  151.996  3.05 
 155  152.56  3.05 
 150  153.417  3.05 
 145  154.645  3.05 
 143.891  155  3.05 
 140  156.17  3.05 
 135  158.026  3.05 
 130.237  160  3.05 
 130  160.073  3.05 
 125  161.432  3.05 
 120  162.419  3.05 
 115  163.03  3.05 
 110  163.289  3.05 
 105  163.209  3.05 
 100  162.764  3.05 
 95  161.863  3.05 
 90  160.32  3.05 
 89.2589  160  3.05 
 85  157.132  3.05 
 83.0007  155  3.05 
 81.4415  150  3.05 
 81.9393  145  3.05 
 83.6443  140  3.05 
 85  137.462  3.05 
 86.4473  135  3.05 
 86.9899  130  3.05 
 85  125.438  3.05 
 84.8228  125  3.05 
 82.4767  120  3.05 
 81.4577  115  3.05 
 81.7934  110  3.05 
 84.2435  105  3.05 
 85  104.348  3.05 
 90  100.248  3.05 
 91.3822  100  3.05 

 180  104.426  3.05 
 175  104.517  3.05 
 170  104.759  3.05 
 166.111  105  3.05 
 165  105.082  3.05 
 160  105.411  3.05 
 155  105.581  3.05 
 150  105.529  3.05 
 145  105.258  3.05 
 142.007  105  3.05 
 140  104.871  3.05 
 135  104.518  3.05 
 130  104.219  3.05 
 125  104.016  3.05 
 120  103.862  3.05 
 115  103.583  3.05 
 110  103.034  3.05 
 105  102.183  3.05 
 100  101.018  3.05 
 96.5892  100  3.05 


# Contour 13, label:        3
 180  108.09  3 
 175  108.186  3 
 170  108.438  3 
 165  108.744  3 
 160  108.978  3 
 155  109.029  3 
 150  108.841  3 
 145  108.426  3 
 140  107.86  3 
 135  107.258  3 
 130  106.72  3 
 125  106.299  3 
 120  105.8  3 
 115  105.322  3 
 113.45  105  3 
 110  104.538  3 
 105  103.569  3 
 100  102.29  3 
 95  100.797  3 
 90  101.988  3 
 86.3834  105  3 
 85  107.853  3 
 83.9337  110  3 
 83.6294  115  3 
 84.8265  120  3 
 85  120.366  3 
 87.0323  125  3 
 89.8757  130  3 
 88.3329  135  3 
 85.3833  140  3 
 85  141.272  3 
 83.8379  145  3 
 83.7256  150  3 
 85  153.11  3 
 86.0821  155  3 
 90  157.962  3 
 94.8444  160  3 
 95  160.049  3 
 100  161.086  3 
 105  161.575  3 
 110  161.629  3 
 115  161.288  3 
 120  160.551  3 
 122.51  160  3 
 125  159.157  3 
 130  157.126  3 
 135  155.097  3 
 135.27  155  3 
 140  153.123  3 
 145  151.662  3 
 150  150.604  3 
 154.09  150  3 
 155  149.846  3 
 160  149.284  3 
 165  148.963  3 
 170  148.805  3 
 175  148.742  3 
 180  148.727  3 


# Contour 14, label:     2.95
 180  112.229  2.95 
 175  112.329  2.95 
 170  112.588  2.95 
 165  112.887  2.95 
 160  113.077  2.95 
 155  113.026  2.95 
 150  112.666  2.95 
 145  112.009  2.95 
 140  111.141  2.95 
 135  110.192  2.95 
 133.951  110  2.95 
 130  109.479  2.95 
 125  108.938  2.95 
 120  107.984  2.95 
 115  107.648  2.95 
 110  106.475  2.95 
 105.22  105  2.95 
 105  104.956  2.95 
 100  103.563  2.95 
 95  102.068  2.95 
 90  103.728  2.95 
 88.4725  105  2.95 
 85.9865  110  2.95 
 85.6625  115  2.95 
 86.7573  120  2.95 
 89.2087  125  2.95 
 90  126.377  2.95 
 94.0257  130  2.95 
 90.3327  135  2.95 
 90  135.355  2.95 
 87.2192  140  2.95 
 85.7371  145  2.95 
 86.0098  150  2.95 
 89.2722  155  2.95 
 90  155.55  2.95 
 95  158.081  2.95 
 100  159.362  2.95 
 105  159.933  2.95 
 110  159.961  2.95 
 115  159.396  2.95 
 120  158.138  2.95 
 125  156.274  2.95 
 128.039  155  2.95 
 130  153.86  2.95 
 135  151.568  2.95 
 139.681  150  2.95 
 140  149.883  2.95 
 145  148.415  2.95 
 150  147.355  2.95 
 155  146.627  2.95 
 160  146.178  2.95 
 165  145.943  2.95 
 170  145.849  2.95 
 175  145.825  2.95 
 180  145.823  2.95 


# Contour 15, label:      2.9
 180  117.077  2.9 
 175  117.186  2.9 
 170  117.463  2.9 
 165  117.768  2.9 
 160  117.921  2.9 
 155  117.767  2.9 
 150  117.218  2.9 
 145  116.283  2.9 
 140  115.053  2.9 
 139.804  115  2.9 
 135  114.03  2.9 
 130  113.101  2.9 
 125  112.288  2.9 
 120  110.296  2.9 
 115.613  110  2.9 
 115  109.975  2.9 
 110  108.604  2.9 
 105  106.89  2.9 
 100.59  105  2.9 
 100  104.835  2.9 
 95  103.34  2.9 
 90.8535  105  2.9 
 90  106.026  2.9 
 87.9524  110  2.9 
 87.4583  115  2.9 
 88.6546  120  2.9 
 90  122.635  2.9 
 91.4772  125  2.9 
 95  128.319  2.9 
 97.1204  130  2.9 
 95  132.756  2.9 
 93.2034  135  2.9 
 90  138.422  2.9 
 89.0551  140  2.9 
 87.6372  145  2.9 
 88.2943  150  2.9 
 90  152.458  2.9 
 92.8925  155  2.9 
 95  156.109  2.9 
 100  157.556  2.9 
 105  158.092  2.9 
 110  157.937  2.9 
 115  157.079  2.9 
 120  155.497  2.9 
 121.261  155  2.9 
 125  152.478  2.9 
 129.702  150  2.9 
 130  149.816  2.9 
 135  147.55  2.9 
 140  145.997  2.9 
 144.256  145  2.9 
 145  144.79  2.9 
 150  143.67  2.9 
 155  142.911  2.9 
 160  142.474  2.9 
 165  142.286  2.9 
 170  142.25  2.9 
 175  142.273  2.9 
 180  142.289  2.9 


# Contour 16, label:     2.85
 180  123.206  2.85 
 175  123.337  2.85 
 170  123.665  2.85 
 165  124.016  2.85 
 160  124.165  2.85 
 155  123.918  2.85 
 150  123.168  2.85 
 145  121.923  2.85 
 140  120.295  2.85 
 139.148  120  2.85 
 135  118.959  2.85 
 130  117.834  2.85 
 125  116.847  2.85 
 122.161  115  2.85 
 120  114.146  2.85 
 115  113.541  2.85 
 110  111.138  2.85 
 108.162  110  2.85 
 105  108.842  2.85 
 100  106.558  2.85 
 96.3011  105  2.85 
 95  104.611  2.85 
 94.0279  105  2.85 
 90  109.841  2.85 
 89.9183  110  2.85 
 89.2541  115  2.85 
 90  117.941  2.85 
 90.5802  120  2.85 
 93.7983  125  2.85 
 95  126.132  2.85 
 99.8799  130  2.85 
 98.1602  135  2.85 
 95  135.971  2.85 
 91.1903  140  2.85 
 90  143.329  2.85 
 89.5373  145  2.85 
 90  147.45  2.85 
 90.6103  150  2.85 
 95  154.032  2.85 
 97.5647  155  2.85 
 100  155.75  2.85 
 105  156.25  2.85 
 110  155.913  2.85 
 114.071  155  2.85 
 115  154.541  2.85 
 120  151.059  2.85 
 121.628  150  2.85 
 125  146.796  2.85 
 128.709  145  2.85 
 130  144.356  2.85 
 135  142.562  2.85 
 140  141.21  2.85 
 145  140.103  2.85 
 145.575  140  2.85 
 150  138.765  2.85 
 155  137.832  2.85 
 160  137.379  2.85 
 165  137.296  2.85 
 170  137.41  2.85 
 175  137.556  2.85 
 180  137.618  2.85 


# Contour 17, label:      2.8
 116.736  145  2.8 
 115  142.062  2.8 
 113.025  140  2.8 
 110  139.068  2.8 
 105  137.58  2.8 
 100  136.948  2.8 
 95  138.565  2.8 
 93.643  140  2.8 
 91.5218  145  2.8 
 93.019  150  2.8 
 95  151.819  2.8 
 100  153.841  2.8 
 105  154.244  2.8 
 110  153.176  2.8 
 115  150.077  2.8 
 115.108  150  2.8 
 116.736  145  2.8 

 117.468  120  2.8 
 115  119.296  2.8 
 111.11  115  2.8 
 110  114.442  2.8 
 105  111.217  2.8 
 103.471  110  2.8 
 100  108.347  2.8 
 95  106.47  2.8 
 91.8255  110  2.8 
 91.1341  115  2.8 
 92.5747  120  2.8 
 95  123.58  2.8 
 96.1032  125  2.8 
 100  128.202  2.8 
 103.064  130  2.8 
 105  132.071  2.8 
 110  131.922  2.8 
 112.642  130  2.8 
 115  125.855  2.8 
 116.346  125  2.8 
 117.468  120  2.8 

 140.042  130  2.8 
 140  129.979  2.8 
 135  127.724  2.8 
 130  126.445  2.8 
 125  128.972  2.8 
 124.608  130  2.8 
 125  131.687  2.8 
 127.991  135  2.8 
 130  135.44  2.8 
 134.23  135  2.8 
 135  134.762  2.8 
 140  130.05  2.8 
 140.042  130  2.8 


# Contour 18, label:     2.75
 109.964  145  2.75 
 105  140.754  2.75 
 102.663  140  2.75 
 100  139.438  2.75 
 98.3225  140  2.75 
 95  141.9  2.75 
 93.5334  145  2.75 
 95  149.021  2.75 
 95.7963  150  2.75 
 100  151.859  2.75 
 105  151.89  2.75 
 109.744  150  2.75 
 109.964  145  2.75 

 111.847  125  2.75 
 110  120.221  2.75 
 109.899  120  2.75 
 106.213  115  2.75 
 105  114.205  2.75 
 100  110.214  2.75 
 99.4875  110  2.75 
 95  108.588  2.75 
 93.73  110  2.75 
 93.0739  115  2.75 
 94.5692  120  2.75 
 95  120.636  2.75 
 98.3908  125  2.75 
 100  126.322  2.75 
 105  128.835  2.75 
 110  127.692  2.75 
 111.847  125  2.75 


# Contour 19, label:      2.7
 105.509  145  2.7 
 105  144.565  2.7 
 100  142.309  2.7 
 96.1547  145  2.7 
 100  149.676  2.7 
 105  146.835  2.7 
 105.509  145  2.7 

 105.761  120  2.7 
 105  118.998  2.7 
 102.445  115  2.7 
 100  113.026  2.7 
 95.05  115  2.7 
 97.2355  120  2.7 
 100  123.829  2.7 
 102.474  125  2.7 
 105  125.891  2.7 
 106.951  125  2.7 
 105.761  120  2.7 

