
# Surface 0 of 1 surfaces

# Curve title: "'zpe.map.invtors1' using 5:3:($7-$6)"

# Contour 0, label:      0.2
 110.069  150  0.2 
 110  149.882  0.2 
 107.515  145  0.2 
 105  142.48  0.2 
 100.335  140  0.2 
 100  139.808  0.2 
 95  139.953  0.2 
 94.9445  140  0.2 
 91.3908  145  0.2 
 92.0489  150  0.2 
 95  152.904  0.2 
 100  154.061  0.2 
 105  153.75  0.2 
 110  150.15  0.2 
 110.069  150  0.2 

 99.8268  100  0.2 
 100  100.588  0.2 
 101.266  105  0.2 
 103.073  110  0.2 
 105  114.37  0.2 
 105.274  115  0.2 
 107.781  120  0.2 
 110  123.148  0.2 
 111.073  125  0.2 
 115  129.331  0.2 
 115.182  130  0.2 
 115  130.23  0.2 
 110  131.428  0.2 
 105  131.952  0.2 
 100  130.62  0.2 
 99.3461  130  0.2 
 96.2235  125  0.2 
 95  122.878  0.2 
 93.5664  120  0.2 
 91.4516  115  0.2 
 90  110.763  0.2 
 89.7475  110  0.2 
 87.7479  105  0.2 
 85.6048  100  0.2 

