
# Surface 0 of 1 surfaces

# Curve title: "'risu.map12' using 1:2:6"

# Contour 0, label:      3.5
 1.25074  4  3.5 
 1.25106  3.75  3.5 
 1.2517  3.5  3.5 
 1.2522  3.3  3.5 
 1.25215  3.2  3.5 
 1.25176  3.1  3.5 
 1.25102  3  3.5 
 1.25005  2.9  3.5 
 1.25  2.89577  3.5 

 4  1.25074  3.5 
 3.75  1.25106  3.5 
 3.5  1.2517  3.5 
 3.3  1.2522  3.5 
 3.2  1.25215  3.5 
 3.1  1.25176  3.5 
 3  1.25102  3.5 
 2.9  1.25005  3.5 
 2.89577  1.25  3.5 


# Contour 1, label:      3.4
 1.25927  4  3.4 
 1.25959  3.75  3.4 
 1.26024  3.5  3.4 
 1.26073  3.3  3.4 
 1.26069  3.2  3.4 
 1.26029  3.1  3.4 
 1.25955  3  3.4 
 1.25857  2.9  3.4 
 1.25749  2.8  3.4 
 1.25637  2.7  3.4 
 1.25498  2.6  3.4 
 1.254  2.55  3.4 
 1.25266  2.5  3.4 
 1.25079  2.45  3.4 
 1.25  2.43472  3.4 

 4  1.25927  3.4 
 3.75  1.25959  3.4 
 3.5  1.26024  3.4 
 3.3  1.26073  3.4 
 3.2  1.26069  3.4 
 3.1  1.26029  3.4 
 3  1.25955  3.4 
 2.9  1.25857  3.4 
 2.8  1.25749  3.4 
 2.7  1.25637  3.4 
 2.6  1.25498  3.4 
 2.55  1.254  3.4 
 2.5  1.25266  3.4 
 2.45  1.25079  3.4 
 2.43472  1.25  3.4 


# Contour 2, label:      3.3
 1.26781  4  3.3 
 1.26813  3.75  3.3 
 1.26877  3.5  3.3 
 1.26927  3.3  3.3 
 1.26922  3.2  3.3 
 1.26882  3.1  3.3 
 1.26808  3  3.3 
 1.2671  2.9  3.3 
 1.26601  2.8  3.3 
 1.26488  2.7  3.3 
 1.26348  2.6  3.3 
 1.26249  2.55  3.3 
 1.26114  2.5  3.3 
 1.25929  2.45  3.3 
 1.25673  2.4  3.3 
 1.25323  2.35  3.3 
 1.25  2.31509  3.3 

 4  1.26781  3.3 
 3.75  1.26813  3.3 
 3.5  1.26877  3.3 
 3.3  1.26927  3.3 
 3.2  1.26922  3.3 
 3.1  1.26882  3.3 
 3  1.26808  3.3 
 2.9  1.2671  3.3 
 2.8  1.26601  3.3 
 2.7  1.26488  3.3 
 2.6  1.26348  3.3 
 2.55  1.26249  3.3 
 2.5  1.26114  3.3 
 2.45  1.25929  3.3 
 2.4  1.25673  3.3 
 2.35  1.25323  3.3 
 2.31509  1.25  3.3 


# Contour 3, label:      3.2
 1.27634  4  3.2 
 1.27666  3.75  3.2 
 1.2773  3.5  3.2 
 1.2778  3.3  3.2 
 1.27776  3.2  3.2 
 1.27736  3.1  3.2 
 1.27661  3  3.2 
 1.27562  2.9  3.2 
 1.27453  2.8  3.2 
 1.27339  2.7  3.2 
 1.27197  2.6  3.2 
 1.27097  2.55  3.2 
 1.26962  2.5  3.2 
 1.26779  2.45  3.2 
 1.26527  2.4  3.2 
 1.26182  2.35  3.2 
 1.25722  2.3  3.2 
 1.25127  2.25  3.2 
 1.25  2.24148  3.2 

 4  1.27634  3.2 
 3.75  1.27666  3.2 
 3.5  1.2773  3.2 
 3.3  1.2778  3.2 
 3.2  1.27776  3.2 
 3.1  1.27736  3.2 
 3  1.27661  3.2 
 2.9  1.27562  3.2 
 2.8  1.27453  3.2 
 2.7  1.27339  3.2 
 2.6  1.27197  3.2 
 2.55  1.27097  3.2 
 2.5  1.26962  3.2 
 2.45  1.26779  3.2 
 2.4  1.26527  3.2 
 2.35  1.26182  3.2 
 2.3  1.25722  3.2 
 2.25  1.25127  3.2 
 2.24148  1.25  3.2 


# Contour 4, label:      3.1
 1.28488  4  3.1 
 1.2852  3.75  3.1 
 1.28584  3.5  3.1 
 1.28634  3.3  3.1 
 1.28629  3.2  3.1 
 1.28589  3.1  3.1 
 1.28514  3  3.1 
 1.28415  2.9  3.1 
 1.28305  2.8  3.1 
 1.2819  2.7  3.1 
 1.28047  2.6  3.1 
 1.27946  2.55  3.1 
 1.2781  2.5  3.1 
 1.27629  2.45  3.1 
 1.27381  2.4  3.1 
 1.27041  2.35  3.1 
 1.26585  2.3  3.1 
 1.25991  2.25  3.1 
 1.25249  2.2  3.1 
 1.25  2.18602  3.1 

 4  1.28488  3.1 
 3.75  1.2852  3.1 
 3.5  1.28584  3.1 
 3.3  1.28634  3.1 
 3.2  1.28629  3.1 
 3.1  1.28589  3.1 
 3  1.28514  3.1 
 2.9  1.28415  3.1 
 2.8  1.28305  3.1 
 2.7  1.2819  3.1 
 2.6  1.28047  3.1 
 2.55  1.27946  3.1 
 2.5  1.2781  3.1 
 2.45  1.27629  3.1 
 2.4  1.27381  3.1 
 2.35  1.27041  3.1 
 2.3  1.26585  3.1 
 2.25  1.25991  3.1 
 2.2  1.25249  3.1 
 2.18602  1.25  3.1 


# Contour 5, label:        3
 1.29341  4  3 
 1.29373  3.75  3 
 1.29437  3.5  3 
 1.29487  3.3  3 
 1.29483  3.2  3 
 1.29442  3.1  3 
 1.29367  3  3 
 1.29267  2.9  3 
 1.29157  2.8  3 
 1.2904  2.7  3 
 1.28896  2.6  3 
 1.28795  2.55  3 
 1.28658  2.5  3 
 1.28479  2.45  3 
 1.28235  2.4  3 
 1.279  2.35  3 
 1.27447  2.3  3 
 1.26856  2.25  3 
 1.26115  2.2  3 
 1.25224  2.15  3 
 1.25  2.13908  3 

 4  1.29341  3 
 3.75  1.29373  3 
 3.5  1.29437  3 
 3.3  1.29487  3 
 3.2  1.29483  3 
 3.1  1.29442  3 
 3  1.29367  3 
 2.9  1.29267  3 
 2.8  1.29157  3 
 2.7  1.2904  3 
 2.6  1.28896  3 
 2.55  1.28795  3 
 2.5  1.28658  3 
 2.45  1.28479  3 
 2.4  1.28235  3 
 2.35  1.279  3 
 2.3  1.27447  3 
 2.25  1.26856  3 
 2.2  1.26115  3 
 2.15  1.25224  3 
 2.13908  1.25  3 


# Contour 6, label:      2.9
 1.30307  4  2.9 
 1.30358  3.75  2.9 
 1.30459  3.5  2.9 
 1.30538  3.3  2.9 
 1.3053  3.2  2.9 
 1.30466  3.1  2.9 
 1.30347  3  2.9 
 1.30189  2.9  2.9 
 1.30013  2.8  2.9 
 1.3  2.79277  2.9 
 1.29891  2.7  2.9 
 1.29745  2.6  2.9 
 1.29643  2.55  2.9 
 1.29506  2.5  2.9 
 1.29329  2.45  2.9 
 1.29089  2.4  2.9 
 1.28758  2.35  2.9 
 1.2831  2.3  2.9 
 1.27721  2.25  2.9 
 1.2698  2.2  2.9 
 1.26089  2.15  2.9 
 1.25064  2.1  2.9 
 1.25  2.09719  2.9 

 4  1.30307  2.9 
 3.75  1.30358  2.9 
 3.5  1.30459  2.9 
 3.3  1.30538  2.9 
 3.2  1.3053  2.9 
 3.1  1.30466  2.9 
 3  1.30347  2.9 
 2.9  1.30189  2.9 
 2.8  1.30013  2.9 
 2.79277  1.3  2.9 
 2.7  1.29891  2.9 
 2.6  1.29745  2.9 
 2.55  1.29643  2.9 
 2.5  1.29506  2.9 
 2.45  1.29329  2.9 
 2.4  1.29089  2.9 
 2.35  1.28758  2.9 
 2.3  1.2831  2.9 
 2.25  1.27721  2.9 
 2.2  1.2698  2.9 
 2.15  1.26089  2.9 
 2.1  1.25064  2.9 
 2.09719  1.25  2.9 


# Contour 7, label:      2.8
 1.31654  4  2.8 
 1.31705  3.75  2.8 
 1.31806  3.5  2.8 
 1.31885  3.3  2.8 
 1.31877  3.2  2.8 
 1.31813  3.1  2.8 
 1.31693  3  2.8 
 1.31534  2.9  2.8 
 1.31358  2.8  2.8 
 1.31171  2.7  2.8 
 1.30938  2.6  2.8 
 1.3078  2.55  2.8 
 1.30568  2.5  2.8 
 1.3029  2.45  2.8 
 1.3  2.41204  2.8 
 1.29943  2.4  2.8 
 1.29617  2.35  2.8 
 1.29172  2.3  2.8 
 1.28586  2.25  2.8 
 1.27846  2.2  2.8 
 1.26954  2.15  2.8 
 1.25928  2.1  2.8 
 1.25  2.05906  2.8 

 4  1.31654  2.8 
 3.75  1.31705  2.8 
 3.5  1.31806  2.8 
 3.3  1.31885  2.8 
 3.2  1.31877  2.8 
 3.1  1.31813  2.8 
 3  1.31693  2.8 
 2.9  1.31534  2.8 
 2.8  1.31358  2.8 
 2.7  1.31171  2.8 
 2.6  1.30938  2.8 
 2.55  1.3078  2.8 
 2.5  1.30568  2.8 
 2.45  1.3029  2.8 
 2.41204  1.3  2.8 
 2.4  1.29943  2.8 
 2.35  1.29617  2.8 
 2.3  1.29172  2.8 
 2.25  1.28586  2.8 
 2.2  1.27846  2.8 
 2.15  1.26954  2.8 
 2.1  1.25928  2.8 
 2.05906  1.25  2.8 


# Contour 8, label:      2.7
 2.02527  2.25  2.7 
 2  2.22069  2.7 
 1.9541  2.2  2.7 
 1.95  2.19939  2.7 
 1.94778  2.2  2.7 
 1.9  2.22134  2.7 
 1.87074  2.25  2.7 
 1.85  2.29139  2.7 
 1.84733  2.3  2.7 
 1.85  2.31615  2.7 
 1.8703  2.35  2.7 
 1.9  2.36208  2.7 
 1.95  2.35237  2.7 
 1.95526  2.35  2.7 
 2  2.31544  2.7 
 2.017  2.3  2.7 
 2.02527  2.25  2.7 

 2.36208  1.9  2.7 
 2.35  1.8703  2.7 
 2.31615  1.85  2.7 
 2.3  1.84733  2.7 
 2.29139  1.85  2.7 
 2.25  1.87074  2.7 
 2.22134  1.9  2.7 
 2.2  1.94778  2.7 
 2.19939  1.95  2.7 
 2.2  1.9541  2.7 
 2.22069  2  2.7 
 2.25  2.02527  2.7 
 2.3  2.017  2.7 
 2.31544  2  2.7 
 2.35  1.95524  2.7 
 2.35236  1.95  2.7 
 2.36208  1.9  2.7 

 1.33001  4  2.7 
 1.33052  3.75  2.7 
 1.33153  3.5  2.7 
 1.33232  3.3  2.7 
 1.33224  3.2  2.7 
 1.33159  3.1  2.7 
 1.3304  3  2.7 
 1.3288  2.9  2.7 
 1.32702  2.8  2.7 
 1.32513  2.7  2.7 
 1.32279  2.6  2.7 
 1.32125  2.55  2.7 
 1.31929  2.5  2.7 
 1.31668  2.45  2.7 
 1.313  2.4  2.7 
 1.30779  2.35  2.7 
 1.30057  2.3  2.7 
 1.3  2.297  2.7 
 1.29451  2.25  2.7 
 1.28711  2.2  2.7 
 1.2782  2.15  2.7 
 1.26792  2.1  2.7 
 1.25657  2.05  2.7 
 1.25  2.02273  2.7 

 4  1.33001  2.7 
 3.75  1.33052  2.7 
 3.5  1.33153  2.7 
 3.3  1.33232  2.7 
 3.2  1.33224  2.7 
 3.1  1.33159  2.7 
 3  1.3304  2.7 
 2.9  1.3288  2.7 
 2.8  1.32702  2.7 
 2.7  1.32513  2.7 
 2.6  1.32279  2.7 
 2.55  1.32125  2.7 
 2.5  1.31929  2.7 
 2.45  1.31668  2.7 
 2.4  1.313  2.7 
 2.35  1.30779  2.7 
 2.3  1.30057  2.7 
 2.297  1.3  2.7 
 2.25  1.29451  2.7 
 2.2  1.28711  2.7 
 2.15  1.2782  2.7 
 2.1  1.26792  2.7 
 2.05  1.25657  2.7 
 2.02273  1.25  2.7 


# Contour 9, label:      2.6
 2.50228  1.8  2.6 
 2.5  1.79712  2.6 
 2.45  1.75114  2.6 
 2.44793  1.75  2.6 
 2.4  1.73431  2.6 
 2.35  1.72971  2.6 
 2.3  1.73648  2.6 
 2.26247  1.75  2.6 
 2.25  1.75536  2.6 
 2.2  1.7895  2.6 
 2.18854  1.8  2.6 
 2.15  1.84018  2.6 
 2.14227  1.85  2.6 
 2.11034  1.9  2.6 
 2.1  1.925  2.6 
 2.09173  1.95  2.6 
 2.09282  2  2.6 
 2.08426  2.05  2.6 
 2.05  2.08426  2.6 
 2  2.09282  2.6 
 1.95  2.09173  2.6 
 1.925  2.1  2.6 
 1.9  2.11034  2.6 
 1.85  2.14227  2.6 
 1.84018  2.15  2.6 
 1.8  2.18854  2.6 
 1.7895  2.2  2.6 
 1.75536  2.25  2.6 
 1.75  2.26247  2.6 
 1.73648  2.3  2.6 
 1.72971  2.35  2.6 
 1.73431  2.4  2.6 
 1.75  2.44793  2.6 
 1.75114  2.45  2.6 
 1.79712  2.5  2.6 
 1.8  2.50228  2.6 
 1.85  2.51753  2.6 
 1.9  2.51485  2.6 
 1.95  2.50334  2.6 
 1.9622  2.5  2.6 
 2  2.48834  2.6 
 2.05  2.47456  2.6 
 2.1  2.46351  2.6 
 2.15  2.45407  2.6 
 2.16949  2.45  2.6 
 2.2  2.44109  2.6 
 2.25  2.42341  2.6 
 2.3  2.40448  2.6 
 2.30874  2.4  2.6 
 2.35  2.37071  2.6 
 2.37071  2.35  2.6 
 2.4  2.30874  2.6 
 2.40448  2.3  2.6 
 2.42341  2.25  2.6 
 2.44109  2.2  2.6 
 2.45  2.16949  2.6 
 2.45407  2.15  2.6 
 2.46351  2.1  2.6 
 2.47456  2.05  2.6 
 2.48834  2  2.6 
 2.5  1.9622  2.6 
 2.50334  1.95  2.6 
 2.51485  1.9  2.6 
 2.51753  1.85  2.6 
 2.50228  1.8  2.6 

 1.34348  4  2.6 
 1.34399  3.75  2.6 
 1.345  3.5  2.6 
 1.34579  3.3  2.6 
 1.34571  3.2  2.6 
 1.34506  3.1  2.6 
 1.34386  3  2.6 
 1.34225  2.9  2.6 
 1.34046  2.8  2.6 
 1.33856  2.7  2.6 
 1.33619  2.6  2.6 
 1.3347  2.55  2.6 
 1.3329  2.5  2.6 
 1.33046  2.45  2.6 
 1.32693  2.4  2.6 
 1.32183  2.35  2.6 
 1.31471  2.3  2.6 
 1.30518  2.25  2.6 
 1.3  2.22863  2.6 
 1.29577  2.2  2.6 
 1.28685  2.15  2.6 
 1.27656  2.1  2.6 
 1.2652  2.05  2.6 
 1.25313  2  2.6 
 1.25  1.98738  2.6 

 4  1.34348  2.6 
 3.75  1.34399  2.6 
 3.5  1.345  2.6 
 3.3  1.34579  2.6 
 3.2  1.34571  2.6 
 3.1  1.34506  2.6 
 3  1.34386  2.6 
 2.9  1.34225  2.6 
 2.8  1.34046  2.6 
 2.7  1.33856  2.6 
 2.6  1.33619  2.6 
 2.55  1.3347  2.6 
 2.5  1.3329  2.6 
 2.45  1.33046  2.6 
 2.4  1.32693  2.6 
 2.35  1.32183  2.6 
 2.3  1.31471  2.6 
 2.25  1.30518  2.6 
 2.22863  1.3  2.6 
 2.2  1.29577  2.6 
 2.15  1.28685  2.6 
 2.1  1.27656  2.6 
 2.05  1.2652  2.6 
 2  1.25313  2.6 
 1.98738  1.25  2.6 


# Contour 10, label:      2.5
 2.60172  1.75  2.5 
 2.6  1.74827  2.5 
 2.55  1.70526  2.5 
 2.54209  1.7  2.5 
 2.5  1.68131  2.5 
 2.45  1.66656  2.5 
 2.4  1.65979  2.5 
 2.35  1.66143  2.5 
 2.3  1.67187  2.5 
 2.25  1.69095  2.5 
 2.23407  1.7  2.5 
 2.2  1.7216  2.5 
 2.16533  1.75  2.5 
 2.15  1.76417  2.5 
 2.11823  1.8  2.5 
 2.1  1.82251  2.5 
 2.08075  1.85  2.5 
 2.05039  1.9  2.5 
 2.05  1.90099  2.5 
 2.03397  1.95  2.5 
 2.0144  2  2.5 
 2  2.0144  2.5 
 1.95  2.03397  2.5 
 1.90099  2.05  2.5 
 1.9  2.05039  2.5 
 1.85  2.08075  2.5 
 1.82251  2.1  2.5 
 1.8  2.11823  2.5 
 1.76417  2.15  2.5 
 1.75  2.16533  2.5 
 1.7216  2.2  2.5 
 1.7  2.23407  2.5 
 1.69095  2.25  2.5 
 1.67187  2.3  2.5 
 1.66143  2.35  2.5 
 1.65979  2.4  2.5 
 1.66656  2.45  2.5 
 1.68131  2.5  2.5 
 1.7  2.54209  2.5 
 1.70526  2.55  2.5 
 1.74827  2.6  2.5 
 1.75  2.60172  2.5 
 1.8  2.62571  2.5 
 1.85  2.62826  2.5 
 1.9  2.61843  2.5 
 1.95  2.60393  2.5 
 1.96383  2.6  2.5 
 2  2.58939  2.5 
 2.05  2.5778  2.5 
 2.1  2.56979  2.5 
 2.15  2.56427  2.5 
 2.2  2.55978  2.5 
 2.25  2.55111  2.5 
 2.25645  2.55  2.5 
 2.3  2.54128  2.5 
 2.35  2.52741  2.5 
 2.4  2.50654  2.5 
 2.41113  2.5  2.5 
 2.45  2.47126  2.5 
 2.47126  2.45  2.5 
 2.5  2.41113  2.5 
 2.50654  2.4  2.5 
 2.52741  2.35  2.5 
 2.54128  2.3  2.5 
 2.55  2.25645  2.5 
 2.55111  2.25  2.5 
 2.55978  2.2  2.5 
 2.56427  2.15  2.5 
 2.56979  2.1  2.5 
 2.5778  2.05  2.5 
 2.58939  2  2.5 
 2.6  1.96383  2.5 
 2.60393  1.95  2.5 
 2.61843  1.9  2.5 
 2.62826  1.85  2.5 
 2.62571  1.8  2.5 
 2.60172  1.75  2.5 

 1.36246  4  2.5 
 1.36336  3.75  2.5 
 1.36518  3.5  2.5 
 1.3666  3.3  2.5 
 1.36646  3.2  2.5 
 1.36529  3.1  2.5 
 1.36313  3  2.5 
 1.36024  2.9  2.5 
 1.35701  2.8  2.5 
 1.35356  2.7  2.5 
 1.35  2.61709  2.5 
 1.34959  2.6  2.5 
 1.34816  2.55  2.5 
 1.34651  2.5  2.5 
 1.34424  2.45  2.5 
 1.34086  2.4  2.5 
 1.33588  2.35  2.5 
 1.32884  2.3  2.5 
 1.31937  2.25  2.5 
 1.30728  2.2  2.5 
 1.3  2.1752  2.5 
 1.2955  2.15  2.5 
 1.2852  2.1  2.5 
 1.27382  2.05  2.5 
 1.26173  2  2.5 
 1.25  1.95274  2.5 

 4  1.36246  2.5 
 3.75  1.36336  2.5 
 3.5  1.36518  2.5 
 3.3  1.3666  2.5 
 3.2  1.36646  2.5 
 3.1  1.36529  2.5 
 3  1.36313  2.5 
 2.9  1.36024  2.5 
 2.8  1.35701  2.5 
 2.7  1.35356  2.5 
 2.61709  1.35  2.5 
 2.6  1.34959  2.5 
 2.55  1.34816  2.5 
 2.5  1.34651  2.5 
 2.45  1.34424  2.5 
 2.4  1.34086  2.5 
 2.35  1.33588  2.5 
 2.3  1.32884  2.5 
 2.25  1.31937  2.5 
 2.2  1.30728  2.5 
 2.1752  1.3  2.5 
 2.15  1.2955  2.5 
 2.1  1.2852  2.5 
 2.05  1.27382  2.5 
 2  1.26173  2.5 
 1.95274  1.25  2.5 


# Contour 11, label:      2.4
 2.70127  1.7  2.4 
 2.7  1.6992  2.4 
 2.62341  1.65  2.4 
 2.6  1.64077  2.4 
 2.55  1.62328  2.4 
 2.5  1.61055  2.4 
 2.45  1.60302  2.4 
 2.4  1.6016  2.4 
 2.35  1.60694  2.4 
 2.3  1.61943  2.4 
 2.25  1.63899  2.4 
 2.22951  1.65  2.4 
 2.2  1.66746  2.4 
 2.15664  1.7  2.4 
 2.15  1.70552  2.4 
 2.10558  1.75  2.4 
 2.1  1.75624  2.4 
 2.06631  1.8  2.4 
 2.05  1.82265  2.4 
 2.03244  1.85  2.4 
 2.00496  1.9  2.4 
 2  1.91359  2.4 
 1.98496  1.95  2.4 
 1.95  1.98496  2.4 
 1.91359  2  2.4 
 1.9  2.00496  2.4 
 1.85  2.03244  2.4 
 1.82265  2.05  2.4 
 1.8  2.06631  2.4 
 1.75624  2.1  2.4 
 1.75  2.10558  2.4 
 1.70552  2.15  2.4 
 1.7  2.15664  2.4 
 1.66746  2.2  2.4 
 1.65  2.22951  2.4 
 1.63899  2.25  2.4 
 1.61943  2.3  2.4 
 1.60694  2.35  2.4 
 1.6016  2.4  2.4 
 1.60302  2.45  2.4 
 1.61055  2.5  2.4 
 1.62328  2.55  2.4 
 1.64077  2.6  2.4 
 1.65  2.62341  2.4 
 1.6992  2.7  2.4 
 1.7  2.70127  2.4 
 1.75  2.74111  2.4 
 1.8  2.74735  2.4 
 1.85  2.73575  2.4 
 1.9  2.71579  2.4 
 1.93678  2.7  2.4 
 1.95  2.69492  2.4 
 2  2.67751  2.4 
 2.05  2.66484  2.4 
 2.1  2.65685  2.4 
 2.15  2.65221  2.4 
 2.2  2.64883  2.4 
 2.25  2.6436  2.4 
 2.3  2.63791  2.4 
 2.35  2.63011  2.4 
 2.4  2.61799  2.4 
 2.44876  2.6  2.4 
 2.45  2.59946  2.4 
 2.5  2.56951  2.4 
 2.52425  2.55  2.4 
 2.55  2.52425  2.4 
 2.56951  2.5  2.4 
 2.59946  2.45  2.4 
 2.6  2.44876  2.4 
 2.61799  2.4  2.4 
 2.63011  2.35  2.4 
 2.63791  2.3  2.4 
 2.6436  2.25  2.4 
 2.64883  2.2  2.4 
 2.65221  2.15  2.4 
 2.65685  2.1  2.4 
 2.66484  2.05  2.4 
 2.67751  2  2.4 
 2.69492  1.95  2.4 
 2.7  1.93678  2.4 
 2.71579  1.9  2.4 
 2.73575  1.85  2.4 
 2.74735  1.8  2.4 
 2.74112  1.75  2.4 
 2.70127  1.7  2.4 

 1.25748  1.25  2.4 
 1.25  1.25742  2.4 

 1.3866  4  2.4 
 1.38751  3.75  2.4 
 1.38932  3.5  2.4 
 1.39076  3.3  2.4 
 1.39061  3.2  2.4 
 1.38944  3.1  2.4 
 1.38727  3  2.4 
 1.38437  2.9  2.4 
 1.38113  2.8  2.4 
 1.37766  2.7  2.4 
 1.37383  2.6  2.4 
 1.37182  2.55  2.4 
 1.36931  2.5  2.4 
 1.36547  2.45  2.4 
 1.35933  2.4  2.4 
 1.35  2.35075  2.4 
 1.34993  2.35  2.4 
 1.34297  2.3  2.4 
 1.33356  2.25  2.4 
 1.3215  2.2  2.4 
 1.30684  2.15  2.4 
 1.3  2.12986  2.4 
 1.29384  2.1  2.4 
 1.28244  2.05  2.4 
 1.27033  2  2.4 
 1.25789  1.95  2.4 
 1.25  1.91833  2.4 

 4  1.3866  2.4 
 3.75  1.38751  2.4 
 3.5  1.38932  2.4 
 3.3  1.39076  2.4 
 3.2  1.39061  2.4 
 3.1  1.38944  2.4 
 3  1.38727  2.4 
 2.9  1.38437  2.4 
 2.8  1.38113  2.4 
 2.7  1.37766  2.4 
 2.6  1.37383  2.4 
 2.55  1.37182  2.4 
 2.5  1.36931  2.4 
 2.45  1.36547  2.4 
 2.4  1.35933  2.4 
 2.35075  1.35  2.4 
 2.35  1.34993  2.4 
 2.3  1.34297  2.4 
 2.25  1.33356  2.4 
 2.2  1.3215  2.4 
 2.15  1.30684  2.4 
 2.12986  1.3  2.4 
 2.1  1.29384  2.4 
 2.05  1.28244  2.4 
 2  1.27033  2.4 
 1.95  1.25789  2.4 
 1.91833  1.25  2.4 


# Contour 12, label:      2.3
 1.26592  1.25  2.3 
 1.25  1.26579  2.3 

 1.42503  4  2.3 
 1.42714  3.75  2.3 
 1.43139  3.5  2.3 
 1.43477  3.3  2.3 
 1.43444  3.2  2.3 
 1.43173  3.1  2.3 
 1.42668  3  2.3 
 1.41992  2.9  2.3 
 1.41233  2.8  2.3 
 1.40419  2.7  2.3 
 1.4  2.64702  2.3 
 1.3984  2.6  2.3 
 1.39711  2.55  2.3 
 1.39527  2.5  2.3 
 1.39205  2.45  2.3 
 1.38647  2.4  2.3 
 1.37749  2.35  2.3 
 1.3641  2.3  2.3 
 1.35  2.26198  2.3 
 1.34775  2.25  2.3 
 1.33573  2.2  2.3 
 1.32108  2.15  2.3 
 1.30409  2.1  2.3 
 1.3  2.08914  2.3 
 1.29106  2.05  2.3 
 1.27893  2  2.3 
 1.26645  1.95  2.3 
 1.25398  1.9  2.3 
 1.25  1.8838  2.3 

 4  1.8052  2.3 
 3.75  1.8004  2.3 
 3.5  1.80159  2.3 
 3.3  1.80596  2.3 
 3.2  1.80591  2.3 
 3.1  1.80228  2.3 
 3.03546  1.8  2.3 
 3  1.79789  2.3 
 2.98786  1.8  2.3 
 2.9  1.81605  2.3 
 2.86746  1.85  2.3 
 2.82229  1.9  2.3 
 2.8  1.929  2.3 
 2.78834  1.95  2.3 
 2.76543  2  2.3 
 2.74978  2.05  2.3 
 2.74048  2.1  2.3 
 2.73569  2.15  2.3 
 2.73323  2.2  2.3 
 2.72984  2.25  2.3 
 2.72651  2.3  2.3 
 2.72211  2.35  2.3 
 2.71487  2.4  2.3 
 2.70307  2.45  2.3 
 2.7  2.45911  2.3 
 2.6847  2.5  2.3 
 2.65809  2.55  2.3 
 2.62035  2.6  2.3 
 2.6  2.62035  2.3 
 2.55  2.6581  2.3 
 2.5  2.6847  2.3 
 2.45911  2.7  2.3 
 2.45  2.70307  2.3 
 2.4  2.71487  2.3 
 2.35  2.72212  2.3 
 2.3  2.72651  2.3 
 2.25  2.72984  2.3 
 2.2  2.73323  2.3 
 2.15  2.73569  2.3 
 2.1  2.74048  2.3 
 2.05  2.74978  2.3 
 2  2.76543  2.3 
 1.95  2.78834  2.3 
 1.929  2.8  2.3 
 1.9  2.82229  2.3 
 1.85  2.86746  2.3 
 1.81605  2.9  2.3 
 1.8  2.98786  2.3 
 1.79789  3  2.3 
 1.8  3.03546  2.3 
 1.80228  3.1  2.3 
 1.80591  3.2  2.3 
 1.80596  3.3  2.3 
 1.80159  3.5  2.3 
 1.8004  3.75  2.3 
 1.8052  4  2.3 

 4  1.59273  2.3 
 3.75  1.58725  2.3 
 3.5  1.57636  2.3 
 3.3  1.56583  2.3 
 3.2  1.56743  2.3 
 3.1  1.57334  2.3 
 3  1.58441  2.3 
 2.9  1.59861  2.3 
 2.88496  1.6  2.3 
 2.8  1.60835  2.3 
 2.76853  1.6  2.3 
 2.7  1.58843  2.3 
 2.6  1.56445  2.3 
 2.55  1.55468  2.3 
 2.51521  1.55  2.3 
 2.5  1.54771  2.3 
 2.45  1.54495  2.3 
 2.4  1.54838  2.3 
 2.39267  1.55  2.3 
 2.35  1.55728  2.3 
 2.3  1.57208  2.3 
 2.25  1.59321  2.3 
 2.23802  1.6  2.3 
 2.2  1.62152  2.3 
 2.15826  1.65  2.3 
 2.15  1.6563  2.3 
 2.10133  1.7  2.3 
 2.1  1.70133  2.3 
 2.05758  1.75  2.3 
 2.05  1.75977  2.3 
 2.02225  1.8  2.3 
 2  1.83409  2.3 
 1.99059  1.85  2.3 
 1.96619  1.9  2.3 
 1.95  1.9286  2.3 
 1.9286  1.95  2.3 
 1.9  1.96619  2.3 
 1.85  1.99059  2.3 
 1.83409  2  2.3 
 1.8  2.02225  2.3 
 1.75977  2.05  2.3 
 1.75  2.05758  2.3 
 1.70133  2.1  2.3 
 1.7  2.10133  2.3 
 1.6563  2.15  2.3 
 1.65  2.15826  2.3 
 1.62152  2.2  2.3 
 1.6  2.23802  2.3 
 1.59321  2.25  2.3 
 1.57208  2.3  2.3 
 1.55728  2.35  2.3 
 1.55  2.39267  2.3 
 1.54838  2.4  2.3 
 1.54495  2.45  2.3 
 1.54771  2.5  2.3 
 1.55  2.51521  2.3 
 1.55468  2.55  2.3 
 1.56445  2.6  2.3 
 1.58843  2.7  2.3 
 1.6  2.76853  2.3 
 1.60835  2.8  2.3 
 1.6  2.88496  2.3 
 1.59861  2.9  2.3 
 1.58441  3  2.3 
 1.57334  3.1  2.3 
 1.56743  3.2  2.3 
 1.56583  3.3  2.3 
 1.57636  3.5  2.3 
 1.58725  3.75  2.3 
 1.59273  4  2.3 

 4  1.42503  2.3 
 3.75  1.42714  2.3 
 3.5  1.43139  2.3 
 3.3  1.43477  2.3 
 3.2  1.43444  2.3 
 3.1  1.43173  2.3 
 3  1.42668  2.3 
 2.9  1.41992  2.3 
 2.8  1.41233  2.3 
 2.7  1.40419  2.3 
 2.64702  1.4  2.3 
 2.6  1.3984  2.3 
 2.55  1.39711  2.3 
 2.5  1.39527  2.3 
 2.45  1.39205  2.3 
 2.4  1.38647  2.3 
 2.35  1.37749  2.3 
 2.3  1.3641  2.3 
 2.26198  1.35  2.3 
 2.25  1.34775  2.3 
 2.2  1.33573  2.3 
 2.15  1.32108  2.3 
 2.1  1.30409  2.3 
 2.08914  1.3  2.3 
 2.05  1.29106  2.3 
 2  1.27893  2.3 
 1.95  1.26645  2.3 
 1.9  1.25398  2.3 
 1.8838  1.25  2.3 


# Contour 13, label:      2.2
 1.27435  1.25  2.2 
 1.25  1.27416  2.2 

 1.84911  1.25  2.2 
 1.85  1.25021  2.2 
 1.9  1.26251  2.2 
 1.95  1.27502  2.2 
 2  1.28752  2.2 
 2.05  1.29969  2.2 
 2.05137  1.3  2.2 
 2.1  1.31833  2.2 
 2.15  1.33533  2.2 
 2.2  1.34996  2.2 
 2.20017  1.35  2.2 
 2.25  1.3739  2.2 
 2.3  1.39215  2.2 
 2.33009  1.4  2.2 
 2.35  1.41776  2.2 
 2.4  1.44474  2.2 
 2.41889  1.45  2.2 
 2.4  1.45982  2.2 
 2.35  1.49843  2.2 
 2.34859  1.5  2.2 
 2.3  1.52096  2.2 
 2.25  1.54977  2.2 
 2.24969  1.55  2.2 
 2.2  1.57928  2.2 
 2.17064  1.6  2.2 
 2.15  1.61446  2.2 
 2.10568  1.65  2.2 
 2.1  1.65513  2.2 
 2.05503  1.7  2.2 
 2.05  1.70576  2.2 
 2.0146  1.75  2.2 
 2  1.77125  2.2 
 1.98219  1.8  2.2 
 1.95269  1.85  2.2 
 1.95  1.85551  2.2 
 1.92691  1.9  2.2 
 1.9  1.92691  2.2 
 1.85551  1.95  2.2 
 1.85  1.95269  2.2 
 1.8  1.98219  2.2 
 1.77125  2  2.2 
 1.75  2.0146  2.2 
 1.70576  2.05  2.2 
 1.7  2.05503  2.2 
 1.65513  2.1  2.2 
 1.65  2.10568  2.2 
 1.61446  2.15  2.2 
 1.6  2.17064  2.2 
 1.57928  2.2  2.2 
 1.55  2.24969  2.2 
 1.54977  2.25  2.2 
 1.52096  2.3  2.2 
 1.5  2.34859  2.2 
 1.49843  2.35  2.2 
 1.45982  2.4  2.2 
 1.45  2.41889  2.2 
 1.44474  2.4  2.2 
 1.41776  2.35  2.2 
 1.4  2.33009  2.2 
 1.39215  2.3  2.2 
 1.3739  2.25  2.2 
 1.35  2.20017  2.2 
 1.34996  2.2  2.2 
 1.33533  2.15  2.2 
 1.31833  2.1  2.2 
 1.3  2.05137  2.2 
 1.29969  2.05  2.2 
 1.28752  2  2.2 
 1.27502  1.95  2.2 
 1.26251  1.9  2.2 
 1.25021  1.85  2.2 
 1.25  1.84911  2.2 

 4  1.89671  2.2 
 3.75  1.88746  2.2 
 3.5  1.88461  2.2 
 3.3  1.88663  2.2 
 3.2  1.88651  2.2 
 3.1  1.88771  2.2 
 3.01226  1.9  2.2 
 3  1.90203  2.2 
 2.9  1.94927  2.2 
 2.89933  1.95  2.2 
 2.86269  2  2.2 
 2.83934  2.05  2.2 
 2.82611  2.1  2.2 
 2.81979  2.15  2.2 
 2.81742  2.2  2.2 
 2.81552  2.25  2.2 
 2.81405  2.3  2.2 
 2.81283  2.35  2.2 
 2.81022  2.4  2.2 
 2.8047  2.45  2.2 
 2.8  2.47517  2.2 
 2.79554  2.5  2.2 
 2.78242  2.55  2.2 
 2.76324  2.6  2.2 
 2.7  2.69097  2.2 
 2.69097  2.7  2.2 
 2.6  2.76324  2.2 
 2.55  2.78242  2.2 
 2.5  2.79554  2.2 
 2.47517  2.8  2.2 
 2.45  2.8047  2.2 
 2.4  2.81022  2.2 
 2.35  2.81283  2.2 
 2.3  2.81405  2.2 
 2.25  2.81562  2.2 
 2.2  2.81742  2.2 
 2.15  2.81979  2.2 
 2.1  2.82611  2.2 
 2.05  2.83934  2.2 
 2  2.86269  2.2 
 1.95  2.89933  2.2 
 1.94927  2.9  2.2 
 1.90142  3  2.2 
 1.9  3.00882  2.2 
 1.88771  3.1  2.2 
 1.88651  3.2  2.2 
 1.88663  3.3  2.2 
 1.88461  3.5  2.2 
 1.88746  3.75  2.2 
 1.89671  4  2.2 


# Contour 14, label:      2.1
 1.28278  1.25  2.1 
 1.25  1.28252  2.1 

 1.81394  1.25  2.1 
 1.85  1.25869  2.1 
 1.9  1.27103  2.1 
 1.95  1.28358  2.1 
 2  1.29612  2.1 
 2.01595  1.3  2.1 
 2.05  1.3137  2.1 
 2.1  1.33257  2.1 
 2.15  1.34957  2.1 
 2.15148  1.35  2.1 
 2.2  1.3786  2.1 
 2.2451  1.4  2.1 
 2.25  1.4089  2.1 
 2.28079  1.45  2.1 
 2.25  1.4935  2.1 
 2.24634  1.5  2.1 
 2.2  1.53553  2.1 
 2.18424  1.55  2.1 
 2.15  1.57463  2.1 
 2.1191  1.6  2.1 
 2.1  1.61551  2.1 
 2.06121  1.65  2.1 
 2.05  1.66119  2.1 
 2.01336  1.7  2.1 
 2  1.7166  2.1 
 1.97439  1.75  2.1 
 1.95  1.79012  2.1 
 1.94455  1.8  2.1 
 1.91784  1.85  2.1 
 1.9  1.88042  2.1 
 1.88042  1.9  2.1 
 1.85  1.91784  2.1 
 1.8  1.94455  2.1 
 1.79012  1.95  2.1 
 1.75  1.97439  2.1 
 1.7166  2  2.1 
 1.7  2.01336  2.1 
 1.66119  2.05  2.1 
 1.65  2.06121  2.1 
 1.61551  2.1  2.1 
 1.6  2.1191  2.1 
 1.57463  2.15  2.1 
 1.55  2.18424  2.1 
 1.53553  2.2  2.1 
 1.5  2.24634  2.1 
 1.4935  2.25  2.1 
 1.45  2.28079  2.1 
 1.4089  2.25  2.1 
 1.4  2.2451  2.1 
 1.3786  2.2  2.1 
 1.35  2.15148  2.1 
 1.34957  2.15  2.1 
 1.33257  2.1  2.1 
 1.3137  2.05  2.1 
 1.3  2.01595  2.1 
 1.29612  2  2.1 
 1.28358  1.95  2.1 
 1.27103  1.9  2.1 
 1.25869  1.85  2.1 
 1.25  1.81394  2.1 

 4  1.97479  2.1 
 3.75  1.96085  2.1 
 3.5  1.95474  2.1 
 3.3  1.95551  2.1 
 3.2  1.95588  2.1 
 3.1  1.96935  2.1 
 3.00625  2  2.1 
 3  2.00331  2.1 
 2.95393  2.05  2.1 
 2.9273  2.1  2.1 
 2.91526  2.15  2.1 
 2.91147  2.2  2.1 
 2.91131  2.25  2.1 
 2.91232  2.3  2.1 
 2.91617  2.35  2.1 
 2.92064  2.4  2.1 
 2.92482  2.45  2.1 
 2.92791  2.5  2.1 
 2.92907  2.55  2.1 
 2.92615  2.6  2.1 
 2.90525  2.7  2.1 
 2.9  2.71237  2.1 
 2.84921  2.8  2.1 
 2.8  2.84921  2.1 
 2.71237  2.9  2.1 
 2.7  2.90525  2.1 
 2.6  2.92615  2.1 
 2.55  2.92906  2.1 
 2.5  2.92791  2.1 
 2.45  2.92482  2.1 
 2.4  2.92064  2.1 
 2.35  2.91617  2.1 
 2.3  2.91232  2.1 
 2.25  2.91214  2.1 
 2.2  2.91147  2.1 
 2.15  2.91526  2.1 
 2.1  2.9273  2.1 
 2.05  2.95393  2.1 
 2.00331  3  2.1 
 2  3.00625  2.1 
 1.96935  3.1  2.1 
 1.95588  3.2  2.1 
 1.95552  3.3  2.1 
 1.95474  3.5  2.1 
 1.96085  3.75  2.1 
 1.97479  4  2.1 


# Contour 15, label:        2
 1.29122  1.25  2 
 1.25  1.29089  2 

 1.77863  1.25  2 
 1.8  1.25509  2 
 1.85  1.26717  2 
 1.9  1.27956  2 
 1.95  1.29215  2 
 1.98128  1.3  2 
 2  1.30778  2 
 2.05  1.32792  2 
 2.1  1.34681  2 
 2.10939  1.35  2 
 2.15  1.378  2 
 2.18751  1.4  2 
 2.2  1.4295  2 
 2.21099  1.45  2 
 2.2  1.46884  2 
 2.18484  1.5  2 
 2.15  1.53211  2 
 2.13304  1.55  2 
 2.1  1.57737  2 
 2.07504  1.6  2 
 2.05  1.62239  2 
 2.02067  1.65  2 
 2  1.67184  2 
 1.97406  1.7  2 
 1.95  1.7312  2 
 1.93594  1.75  2 
 1.909  1.8  2 
 1.9  1.81716  2 
 1.88198  1.85  2 
 1.85  1.88198  2 
 1.81716  1.9  2 
 1.8  1.909  2 
 1.75  1.93594  2 
 1.7312  1.95  2 
 1.7  1.97406  2 
 1.67184  2  2 
 1.65  2.02067  2 
 1.62239  2.05  2 
 1.6  2.07504  2 
 1.57737  2.1  2 
 1.55  2.13304  2 
 1.53211  2.15  2 
 1.5  2.18484  2 
 1.46884  2.2  2 
 1.45  2.21099  2 
 1.4295  2.2  2 
 1.4  2.18751  2 
 1.378  2.15  2 
 1.35  2.10939  2 
 1.34681  2.1  2 
 1.32792  2.05  2 
 1.30778  2  2 
 1.3  1.98128  2 
 1.29215  1.95  2 
 1.27956  1.9  2 
 1.26717  1.85  2 
 1.25509  1.8  2 
 1.25  1.77863  2 

 4  2.06148  2 
 3.81902  2.05  2 
 3.75  2.04406  2 
 3.5  2.03274  2 
 3.3  2.03214  2 
 3.2  2.03979  2 
 3.16842  2.05  2 
 3.1  2.08957  2 
 3.08814  2.1  2 
 3.05891  2.15  2 
 3.04761  2.2  2 
 3.04705  2.25  2 
 3.04772  2.3  2 
 3.05298  2.35  2 
 3.06098  2.4  2 
 3.06736  2.45  2 
 3.07203  2.5  2 
 3.07458  2.55  2 
 3.075  2.6  2 
 3.06772  2.7  2 
 3.0461  2.8  2 
 3.00028  2.9  2 
 3  2.9004  2 
 2.9004  3  2 
 2.9  3.00028  2 
 2.8  3.0461  2 
 2.7  3.06772  2 
 2.6  3.075  2 
 2.55  3.07456  2 
 2.5  3.07203  2 
 2.45  3.06736  2 
 2.4  3.06098  2 
 2.35  3.05298  2 
 2.3  3.04772  2 
 2.25  3.04705  2 
 2.2  3.04735  2 
 2.15  3.05891  2 
 2.1  3.08814  2 
 2.08957  3.1  2 
 2.05  3.16842  2 
 2.03979  3.2  2 
 2.03214  3.3  2 
 2.03275  3.5  2 
 2.04406  3.75  2 
 2.05  3.81902  2 
 2.06148  4  2 


# Contour 16, label:      1.9
 1.29965  1.25  1.9 
 1.25  1.29926  1.9 

 1.74329  1.25  1.9 
 1.75  1.2516  1.9 
 1.8  1.26351  1.9 
 1.85  1.27565  1.9 
 1.9  1.28808  1.9 
 1.94718  1.3  1.9 
 1.95  1.30118  1.9 
 2  1.32196  1.9 
 2.05  1.34213  1.9 
 2.07082  1.35  1.9 
 2.1  1.37251  1.9 
 2.13995  1.4  1.9 
 2.15  1.42923  1.9 
 2.15853  1.45  1.9 
 2.15  1.46694  1.9 
 2.13549  1.5  1.9 
 2.1  1.53737  1.9 
 2.08908  1.55  1.9 
 2.05  1.58556  1.9 
 2.03495  1.6  1.9 
 2  1.63298  1.9 
 1.98228  1.65  1.9 
 1.95  1.68494  1.9 
 1.93608  1.7  1.9 
 1.9  1.74819  1.9 
 1.89867  1.75  1.9 
 1.87469  1.8  1.9 
 1.85  1.84195  1.9 
 1.84195  1.85  1.9 
 1.8  1.87469  1.9 
 1.75  1.89867  1.9 
 1.74819  1.9  1.9 
 1.7  1.93608  1.9 
 1.68494  1.95  1.9 
 1.65  1.98228  1.9 
 1.63298  2  1.9 
 1.6  2.03495  1.9 
 1.58556  2.05  1.9 
 1.55  2.08908  1.9 
 1.53737  2.1  1.9 
 1.5  2.13549  1.9 
 1.46694  2.15  1.9 
 1.45  2.15853  1.9 
 1.42923  2.15  1.9 
 1.4  2.13995  1.9 
 1.37251  2.1  1.9 
 1.35  2.07082  1.9 
 1.34213  2.05  1.9 
 1.32196  2  1.9 
 1.30118  1.95  1.9 
 1.3  1.94718  1.9 
 1.28808  1.9  1.9 
 1.27565  1.85  1.9 
 1.26351  1.8  1.9 
 1.2516  1.75  1.9 
 1.25  1.74329  1.9 

 2.87157  4  1.9 
 2.9  3.91159  1.9 
 2.92207  3.75  1.9 
 2.90699  3.5  1.9 
 2.9  3.44146  1.9 
 2.88219  3.3  1.9 
 2.8  3.25798  1.9 
 2.7  3.24063  1.9 
 2.6  3.22988  1.9 
 2.55  3.22485  1.9 
 2.5  3.21961  1.9 
 2.45  3.21388  1.9 
 2.4  3.20871  1.9 
 2.35  3.20548  1.9 
 2.3  3.20869  1.9 
 2.25  3.22562  1.9 
 2.2  3.23982  1.9 
 2.15133  3.3  1.9 
 2.15  3.30379  1.9 
 2.10647  3.5  1.9 
 2.15  3.65094  1.9 
 2.19564  3.75  1.9 
 2.2  3.76427  1.9 
 2.25  3.84455  1.9 
 2.3  3.94401  1.9 
 2.35  3.99906  1.9 
 2.3514  4  1.9 

 4  2.3514  1.9 
 3.99906  2.35  1.9 
 3.94401  2.3  1.9 
 3.84455  2.25  1.9 
 3.76427  2.2  1.9 
 3.75  2.19564  1.9 
 3.65171  2.15  1.9 
 3.5  2.10639  1.9 
 3.3  2.10767  1.9 
 3.24926  2.15  1.9 
 3.23982  2.2  1.9 
 3.22561  2.25  1.9 
 3.20869  2.3  1.9 
 3.20548  2.35  1.9 
 3.20871  2.4  1.9 
 3.21388  2.45  1.9 
 3.2196  2.5  1.9 
 3.22486  2.55  1.9 
 3.22988  2.6  1.9 
 3.24063  2.7  1.9 
 3.25798  2.8  1.9 
 3.3  2.88219  1.9 
 3.44146  2.9  1.9 
 3.5  2.90699  1.9 
 3.75  2.92207  1.9 
 3.91159  2.9  1.9 
 4  2.87157  1.9 


# Contour 17, label:      1.8
 1.3127  1.25  1.8 
 1.3  1.25804  1.8 
 1.25771  1.3  1.8 
 1.25  1.31223  1.8 

 1.70813  1.25  1.8 
 1.75  1.25997  1.8 
 1.8  1.27193  1.8 
 1.85  1.28413  1.8 
 1.9  1.29661  1.8 
 1.91342  1.3  1.8 
 1.95  1.3153  1.8 
 2  1.33613  1.8 
 2.03433  1.35  1.8 
 2.05  1.36299  1.8 
 2.09802  1.4  1.8 
 2.1  1.40672  1.8 
 2.11446  1.45  1.8 
 2.1  1.48196  1.8 
 2.0926  1.5  1.8 
 2.05  1.54904  1.8 
 2.04922  1.55  1.8 
 2  1.59728  1.8 
 1.99723  1.6  1.8 
 1.95  1.64544  1.8 
 1.94522  1.65  1.8 
 1.9  1.69879  1.8 
 1.89885  1.7  1.8 
 1.86206  1.75  1.8 
 1.85  1.7774  1.8 
 1.83932  1.8  1.8 
 1.8  1.83932  1.8 
 1.7774  1.85  1.8 
 1.75  1.86206  1.8 
 1.7  1.89885  1.8 
 1.69879  1.9  1.8 
 1.65  1.94522  1.8 
 1.64544  1.95  1.8 
 1.6  1.99723  1.8 
 1.59728  2  1.8 
 1.55  2.04922  1.8 
 1.54904  2.05  1.8 
 1.5  2.0926  1.8 
 1.48196  2.1  1.8 
 1.45  2.11446  1.8 
 1.40672  2.1  1.8 
 1.4  2.09802  1.8 
 1.36299  2.05  1.8 
 1.35  2.03433  1.8 
 1.33613  2  1.8 
 1.3153  1.95  1.8 
 1.3  1.91342  1.8 
 1.29661  1.9  1.8 
 1.28413  1.85  1.8 
 1.27193  1.8  1.8 
 1.25997  1.75  1.8 
 1.25  1.70813  1.8 


# Contour 18, label:      1.7
 1.32595  1.25  1.7 
 1.3  1.26643  1.7 
 1.26616  1.3  1.7 
 1.25  1.32565  1.7 

 1.67319  1.25  1.7 
 1.7  1.25641  1.7 
 1.75  1.26834  1.7 
 1.8  1.28035  1.7 
 1.85  1.2926  1.7 
 1.87958  1.3  1.7 
 1.9  1.30846  1.7 
 1.95  1.32942  1.7 
 1.99926  1.35  1.7 
 2  1.35063  1.7 
 2.05  1.39206  1.7 
 2.0603  1.4  1.7 
 2.07478  1.45  1.7 
 2.0538  1.5  1.7 
 2.05  1.50437  1.7 
 2.0126  1.55  1.7 
 2  1.56211  1.7 
 1.96139  1.6  1.7 
 1.95  1.61095  1.7 
 1.90904  1.65  1.7 
 1.9  1.65975  1.7 
 1.86186  1.7  1.7 
 1.85  1.71617  1.7 
 1.82614  1.75  1.7 
 1.8  1.8  1.7 
 1.75  1.82614  1.7 
 1.71617  1.85  1.7 
 1.7  1.86186  1.7 
 1.65975  1.9  1.7 
 1.65  1.90904  1.7 
 1.61095  1.95  1.7 
 1.6  1.96139  1.7 
 1.56211  2  1.7 
 1.55  2.0126  1.7 
 1.50437  2.05  1.7 
 1.5  2.0538  1.7 
 1.45  2.07478  1.7 
 1.4  2.0603  1.7 
 1.39206  2.05  1.7 
 1.35063  2  1.7 
 1.35  1.99926  1.7 
 1.32942  1.95  1.7 
 1.30846  1.9  1.7 
 1.3  1.87958  1.7 
 1.2926  1.85  1.7 
 1.28035  1.8  1.7 
 1.26834  1.75  1.7 
 1.25641  1.7  1.7 
 1.25  1.67319  1.7 


# Contour 19, label:      1.6
 1.3392  1.25  1.6 
 1.3  1.27482  1.6 
 1.27462  1.3  1.6 
 1.25  1.33906  1.6 

 1.63819  1.25  1.6 
 1.65  1.25279  1.6 
 1.7  1.26475  1.6 
 1.75  1.27671  1.6 
 1.8  1.28877  1.6 
 1.84563  1.3  1.6 
 1.85  1.30178  1.6 
 1.9  1.3225  1.6 
 1.95  1.34354  1.6 
 1.96547  1.35  1.6 
 2  1.37969  1.6 
 2.02451  1.4  1.6 
 2.03767  1.45  1.6 
 2.01773  1.5  1.6 
 2  1.52152  1.6 
 1.9772  1.55  1.6 
 1.95  1.57671  1.6 
 1.92623  1.6  1.6 
 1.9  1.62504  1.6 
 1.87313  1.65  1.6 
 1.85  1.67436  1.6 
 1.82529  1.7  1.6 
 1.8  1.73621  1.6 
 1.78953  1.75  1.6 
 1.75  1.78953  1.6 
 1.73621  1.8  1.6 
 1.7  1.82529  1.6 
 1.67436  1.85  1.6 
 1.65  1.87313  1.6 
 1.62504  1.9  1.6 
 1.6  1.92623  1.6 
 1.57671  1.95  1.6 
 1.55  1.9772  1.6 
 1.52152  2  1.6 
 1.5  2.01773  1.6 
 1.45  2.03767  1.6 
 1.4  2.02451  1.6 
 1.37969  2  1.6 
 1.35  1.96547  1.6 
 1.34354  1.95  1.6 
 1.3225  1.9  1.6 
 1.30178  1.85  1.6 
 1.3  1.84563  1.6 
 1.28877  1.8  1.6 
 1.27671  1.75  1.6 
 1.26475  1.7  1.6 
 1.25279  1.65  1.6 
 1.25  1.63819  1.6 


# Contour 20, label:      1.5
 1.35463  1.25  1.5 
 1.35  1.25156  1.5 
 1.3  1.2832  1.5 
 1.28307  1.3  1.5 
 1.25156  1.35  1.5 
 1.25  1.35463  1.5 

 1.60296  1.25  1.5 
 1.65  1.26113  1.5 
 1.7  1.27309  1.5 
 1.75  1.28507  1.5 
 1.8  1.29719  1.5 
 1.81141  1.3  1.5 
 1.85  1.31573  1.5 
 1.9  1.33655  1.5 
 1.93192  1.35  1.5 
 1.95  1.36571  1.5 
 1.98986  1.4  1.5 
 2  1.44083  1.5 
 2.00239  1.45  1.5 
 2  1.45591  1.5 
 1.98281  1.5  1.5 
 1.95  1.54078  1.5 
 1.94263  1.55  1.5 
 1.9  1.5918  1.5 
 1.8915  1.6  1.5 
 1.85  1.63866  1.5 
 1.83752  1.65  1.5 
 1.8  1.68889  1.5 
 1.79007  1.7  1.5 
 1.75  1.75  1.5 
 1.7  1.79007  1.5 
 1.68889  1.8  1.5 
 1.65  1.83752  1.5 
 1.63866  1.85  1.5 
 1.6  1.8915  1.5 
 1.5918  1.9  1.5 
 1.55  1.94263  1.5 
 1.54078  1.95  1.5 
 1.5  1.98281  1.5 
 1.45591  2  1.5 
 1.45  2.00239  1.5 
 1.44083  2  1.5 
 1.4  1.98986  1.5 
 1.36571  1.95  1.5 
 1.35  1.93192  1.5 
 1.33655  1.9  1.5 
 1.31573  1.85  1.5 
 1.3  1.81141  1.5 
 1.29719  1.8  1.5 
 1.28507  1.75  1.5 
 1.27309  1.7  1.5 
 1.26113  1.65  1.5 
 1.25  1.60296  1.5 


# Contour 21, label:      1.4
 1.37963  1.25  1.4 
 1.35  1.26001  1.4 
 1.3  1.29159  1.4 
 1.29153  1.3  1.4 
 1.26001  1.35  1.4 
 1.25  1.37963  1.4 

 1.56386  1.25  1.4 
 1.6  1.25764  1.4 
 1.65  1.26947  1.4 
 1.7  1.28143  1.4 
 1.75  1.29344  1.4 
 1.77701  1.3  1.4 
 1.8  1.30922  1.4 
 1.85  1.32968  1.4 
 1.89859  1.35  1.4 
 1.9  1.35121  1.4 
 1.95  1.39467  1.4 
 1.95619  1.4  1.4 
 1.96853  1.45  1.4 
 1.95  1.49678  1.4 
 1.94874  1.5  1.4 
 1.90878  1.55  1.4 
 1.9  1.55861  1.4 
 1.85714  1.6  1.4 
 1.85  1.60666  1.4 
 1.80231  1.65  1.4 
 1.8  1.6524  1.4 
 1.75744  1.7  1.4 
 1.75  1.70929  1.4 
 1.70929  1.75  1.4 
 1.7  1.75744  1.4 
 1.6524  1.8  1.4 
 1.65  1.80231  1.4 
 1.60666  1.85  1.4 
 1.6  1.85714  1.4 
 1.55861  1.9  1.4 
 1.55  1.90879  1.4 
 1.5  1.94874  1.4 
 1.49678  1.95  1.4 
 1.45  1.96853  1.4 
 1.4  1.95619  1.4 
 1.39467  1.95  1.4 
 1.35121  1.9  1.4 
 1.35  1.89859  1.4 
 1.32968  1.85  1.4 
 1.30922  1.8  1.4 
 1.3  1.77701  1.4 
 1.29344  1.75  1.4 
 1.28143  1.7  1.4 
 1.26947  1.65  1.4 
 1.25764  1.6  1.4 
 1.25  1.56386  1.4 


# Contour 22, label:      1.3
 1.41347  1.25  1.3 
 1.4  1.25156  1.3 
 1.35  1.26845  1.3 
 1.3  1.29998  1.3 
 1.26845  1.35  1.3 
 1.25156  1.4  1.3 
 1.25  1.41347  1.3 

 1.51361  1.25  1.3 
 1.55  1.25542  1.3 
 1.6  1.26598  1.3 
 1.65  1.2778  1.3 
 1.7  1.28977  1.3 
 1.74249  1.3  1.3 
 1.75  1.30297  1.3 
 1.8  1.32305  1.3 
 1.85  1.34362  1.3 
 1.86524  1.35  1.3 
 1.9  1.38  1.3 
 1.92299  1.4  1.3 
 1.93508  1.45  1.3 
 1.91544  1.5  1.3 
 1.9  1.51926  1.3 
 1.87526  1.55  1.3 
 1.85  1.57442  1.3 
 1.82319  1.6  1.3 
 1.8  1.62116  1.3 
 1.76907  1.65  1.3 
 1.75  1.67137  1.3 
 1.72545  1.7  1.3 
 1.7  1.72545  1.3 
 1.67137  1.75  1.3 
 1.65  1.76907  1.3 
 1.62116  1.8  1.3 
 1.6  1.82319  1.3 
 1.57442  1.85  1.3 
 1.55  1.87526  1.3 
 1.51926  1.9  1.3 
 1.5  1.91544  1.3 
 1.45  1.93508  1.3 
 1.4  1.92299  1.3 
 1.38  1.9  1.3 
 1.35  1.86524  1.3 
 1.34362  1.85  1.3 
 1.32305  1.8  1.3 
 1.30297  1.75  1.3 
 1.3  1.74249  1.3 
 1.28977  1.7  1.3 
 1.2778  1.65  1.3 
 1.26598  1.6  1.3 
 1.25542  1.55  1.3 
 1.25  1.51361  1.3 


# Contour 23, label:      1.2
 1.902  1.45  1.2 
 1.9  1.44173  1.2 
 1.88992  1.4  1.2 
 1.85  1.36549  1.2 
 1.8318  1.35  1.2 
 1.8  1.33688  1.2 
 1.75  1.31666  1.2 
 1.70784  1.3  1.2 
 1.7  1.29811  1.2 
 1.65  1.28614  1.2 
 1.6  1.27432  1.2 
 1.55  1.26377  1.2 
 1.5  1.25634  1.2 
 1.45  1.25418  1.2 
 1.4  1.25999  1.2 
 1.35  1.27689  1.2 
 1.31336  1.3  1.2 
 1.3  1.31336  1.2 
 1.27689  1.35  1.2 
 1.25999  1.4  1.2 
 1.25418  1.45  1.2 
 1.25634  1.5  1.2 
 1.26377  1.55  1.2 
 1.27432  1.6  1.2 
 1.28614  1.65  1.2 
 1.29811  1.7  1.2 
 1.3  1.70784  1.2 
 1.31666  1.75  1.2 
 1.33688  1.8  1.2 
 1.35  1.8318  1.2 
 1.36549  1.85  1.2 
 1.4  1.88992  1.2 
 1.44173  1.9  1.2 
 1.45  1.902  1.2 
 1.45507  1.9  1.2 
 1.5  1.88232  1.2 
 1.54003  1.85  1.2 
 1.55  1.84193  1.2 
 1.59006  1.8  1.2 
 1.6  1.78971  1.2 
 1.63706  1.75  1.2 
 1.65  1.73772  1.2 
 1.69334  1.7  1.2 
 1.7  1.69334  1.2 
 1.73772  1.65  1.2 
 1.75  1.63706  1.2 
 1.78971  1.6  1.2 
 1.8  1.59006  1.2 
 1.84193  1.55  1.2 
 1.85  1.54003  1.2 
 1.88232  1.5  1.2 
 1.9  1.45507  1.2 
 1.902  1.45  1.2 


# Contour 24, label:      1.1
 1.85692  1.4  1.1 
 1.85  1.39402  1.1 
 1.8  1.35145  1.1 
 1.79827  1.35  1.1 
 1.75  1.33035  1.1 
 1.7  1.31047  1.1 
 1.67306  1.3  1.1 
 1.65  1.29448  1.1 
 1.6  1.28267  1.1 
 1.55  1.27213  1.1 
 1.5  1.26472  1.1 
 1.45  1.26258  1.1 
 1.4  1.26841  1.1 
 1.35  1.28534  1.1 
 1.32675  1.3  1.1 
 1.3  1.32675  1.1 
 1.28534  1.35  1.1 
 1.26841  1.4  1.1 
 1.26258  1.45  1.1 
 1.26472  1.5  1.1 
 1.27213  1.55  1.1 
 1.28267  1.6  1.1 
 1.29448  1.65  1.1 
 1.3  1.67306  1.1 
 1.31047  1.7  1.1 
 1.33035  1.75  1.1 
 1.35  1.79827  1.1 
 1.35145  1.8  1.1 
 1.39402  1.85  1.1 
 1.4  1.85692  1.1 
 1.45  1.86912  1.1 
 1.49837  1.85  1.1 
 1.5  1.84936  1.1 
 1.55  1.80888  1.1 
 1.55849  1.8  1.1 
 1.6  1.75699  1.1 
 1.60652  1.75  1.1 
 1.65  1.70875  1.1 
 1.66005  1.7  1.1 
 1.7  1.66005  1.1 
 1.70875  1.65  1.1 
 1.75  1.60652  1.1 
 1.75699  1.6  1.1 
 1.8  1.55849  1.1 
 1.80888  1.55  1.1 
 1.84936  1.5  1.1 
 1.85  1.49837  1.1 
 1.86912  1.45  1.1 
 1.85692  1.4  1.1 


# Contour 25, label:        1
 1.82387  1.4  1 
 1.8  1.37964  1 
 1.76464  1.35  1 
 1.75  1.34404  1 
 1.7  1.324  1 
 1.65  1.30452  1 
 1.63808  1.3  1 
 1.6  1.29101  1 
 1.55  1.28048  1 
 1.5  1.27309  1 
 1.45  1.27097  1 
 1.4  1.27683  1 
 1.35  1.29378  1 
 1.34014  1.3  1 
 1.3  1.34014  1 
 1.29378  1.35  1 
 1.27683  1.4  1 
 1.27097  1.45  1 
 1.27309  1.5  1 
 1.28048  1.55  1 
 1.29101  1.6  1 
 1.3  1.63808  1 
 1.30452  1.65  1 
 1.324  1.7  1 
 1.34404  1.75  1 
 1.35  1.76464  1 
 1.37964  1.8  1 
 1.4  1.82387  1 
 1.45  1.83629  1 
 1.5  1.8166  1 
 1.52047  1.8  1 
 1.55  1.77631  1 
 1.5754  1.75  1 
 1.6  1.72596  1 
 1.62744  1.7  1 
 1.65  1.67087  1 
 1.67087  1.65  1 
 1.7  1.62744  1 
 1.72596  1.6  1 
 1.75  1.5754  1 
 1.77631  1.55  1 
 1.8  1.52047  1 
 1.8166  1.5  1 
 1.83629  1.45  1 
 1.82387  1.4  1 


# Contour 26, label:      0.9
 1.80351  1.45  0.9 
 1.8  1.43608  0.9 
 1.79084  1.4  0.9 
 1.75  1.36567  0.9 
 1.73101  1.35  0.9 
 1.7  1.33752  0.9 
 1.65  1.31789  0.9 
 1.60276  1.3  0.9 
 1.6  1.29935  0.9 
 1.55  1.28884  0.9 
 1.5  1.28147  0.9 
 1.45  1.27937  0.9 
 1.4  1.28526  0.9 
 1.35654  1.3  0.9 
 1.35  1.30352  0.9 
 1.30352  1.35  0.9 
 1.3  1.35654  0.9 
 1.28526  1.4  0.9 
 1.27937  1.45  0.9 
 1.28147  1.5  0.9 
 1.28884  1.55  0.9 
 1.29935  1.6  0.9 
 1.3  1.60276  0.9 
 1.31789  1.65  0.9 
 1.33752  1.7  0.9 
 1.35  1.73101  0.9 
 1.36567  1.75  0.9 
 1.4  1.79084  0.9 
 1.43608  1.8  0.9 
 1.45  1.80351  0.9 
 1.45892  1.8  0.9 
 1.5  1.78404  0.9 
 1.54241  1.75  0.9 
 1.55  1.74412  0.9 
 1.59516  1.7  0.9 
 1.6  1.69585  0.9 
 1.63848  1.65  0.9 
 1.65  1.63848  0.9 
 1.69585  1.6  0.9 
 1.7  1.59516  0.9 
 1.74412  1.55  0.9 
 1.75  1.54241  0.9 
 1.78404  1.5  0.9 
 1.8  1.45892  0.9 
 1.80351  1.45  0.9 


# Contour 27, label:      0.8
 1.75783  1.4  0.8 
 1.75  1.39342  0.8 
 1.7  1.35212  0.8 
 1.69736  1.35  0.8 
 1.65  1.33127  0.8 
 1.6  1.31229  0.8 
 1.56335  1.3  0.8 
 1.55  1.29719  0.8 
 1.5  1.28984  0.8 
 1.45  1.28777  0.8 
 1.4  1.29368  0.8 
 1.38137  1.3  0.8 
 1.35  1.31688  0.8 
 1.31688  1.35  0.8 
 1.3  1.38137  0.8 
 1.29368  1.4  0.8 
 1.28777  1.45  0.8 
 1.28984  1.5  0.8 
 1.29719  1.55  0.8 
 1.3  1.56335  0.8 
 1.31229  1.6  0.8 
 1.33127  1.65  0.8 
 1.35  1.69736  0.8 
 1.35212  1.7  0.8 
 1.39342  1.75  0.8 
 1.4  1.75783  0.8 
 1.45  1.77091  0.8 
 1.5  1.75167  0.8 
 1.50208  1.75  0.8 
 1.55  1.71284  0.8 
 1.56315  1.7  0.8 
 1.6  1.66838  0.8 
 1.61543  1.65  0.8 
 1.65  1.61543  0.8 
 1.66838  1.6  0.8 
 1.7  1.56315  0.8 
 1.71284  1.55  0.8 
 1.75  1.50208  0.8 
 1.75167  1.5  0.8 
 1.77091  1.45  0.8 
 1.75783  1.4  0.8 


# Contour 28, label:      0.7
 1.72495  1.4  0.7 
 1.7  1.37933  0.7 
 1.66353  1.35  0.7 
 1.65  1.34465  0.7 
 1.6  1.32562  0.7 
 1.55  1.30885  0.7 
 1.51214  1.3  0.7 
 1.5  1.29822  0.7 
 1.45  1.29617  0.7 
 1.4177  1.3  0.7 
 1.4  1.30333  0.7 
 1.35  1.33023  0.7 
 1.33023  1.35  0.7 
 1.30333  1.4  0.7 
 1.3  1.4177  0.7 
 1.29617  1.45  0.7 
 1.29822  1.5  0.7 
 1.3  1.51214  0.7 
 1.30885  1.55  0.7 
 1.32562  1.6  0.7 
 1.34465  1.65  0.7 
 1.35  1.66353  0.7 
 1.37933  1.7  0.7 
 1.4  1.72495  0.7 
 1.45  1.73845  0.7 
 1.5  1.71991  0.7 
 1.52579  1.7  0.7 
 1.55  1.68253  0.7 
 1.58842  1.65  0.7 
 1.6  1.62355  0.7 
 1.62355  1.6  0.7 
 1.65  1.58842  0.7 
 1.68253  1.55  0.7 
 1.7  1.52579  0.7 
 1.71991  1.5  0.7 
 1.73845  1.45  0.7 
 1.72495  1.4  0.7 


# Contour 29, label:      0.6
 1.70624  1.45  0.6 
 1.7  1.42768  0.6 
 1.69212  1.4  0.6 
 1.65  1.36592  0.6 
 1.62902  1.35  0.6 
 1.6  1.33894  0.6 
 1.55  1.32218  0.6 
 1.5  1.31048  0.6 
 1.45  1.30725  0.6 
 1.4  1.31666  0.6 
 1.35  1.34359  0.6 
 1.34359  1.35  0.6 
 1.31666  1.4  0.6 
 1.30725  1.45  0.6 
 1.31048  1.5  0.6 
 1.32218  1.55  0.6 
 1.33894  1.6  0.6 
 1.35  1.62902  0.6 
 1.36592  1.65  0.6 
 1.4  1.69212  0.6 
 1.42768  1.7  0.6 
 1.45  1.70624  0.6 
 1.4671  1.7  0.6 
 1.5  1.68848  0.6 
 1.55  1.65289  0.6 
 1.55341  1.65  0.6 
 1.58635  1.6  0.6 
 1.6  1.58635  0.6 
 1.65  1.55341  0.6 
 1.65289  1.55  0.6 
 1.68848  1.5  0.6 
 1.7  1.4671  0.6 
 1.70624  1.45  0.6 


# Contour 30, label:      0.5
 1.65931  1.4  0.5 
 1.65  1.39247  0.5 
 1.6  1.35439  0.5 
 1.59322  1.35  0.5 
 1.55  1.33551  0.5 
 1.5  1.32379  0.5 
 1.45  1.32056  0.5 
 1.4  1.32999  0.5 
 1.36287  1.35  0.5 
 1.35  1.36287  0.5 
 1.32999  1.4  0.5 
 1.32056  1.45  0.5 
 1.32379  1.5  0.5 
 1.33551  1.55  0.5 
 1.35  1.59322  0.5 
 1.35439  1.6  0.5 
 1.39247  1.65  0.5 
 1.4  1.65931  0.5 
 1.45  1.67429  0.5 
 1.5  1.65755  0.5 
 1.51065  1.65  0.5 
 1.55  1.62468  0.5 
 1.56702  1.6  0.5 
 1.6  1.56702  0.5 
 1.62468  1.55  0.5 
 1.65  1.51065  0.5 
 1.65755  1.5  0.5 
 1.67429  1.45  0.5 
 1.65931  1.4  0.5 


# Contour 31, label:      0.4
 1.62596  1.4  0.4 
 1.6  1.38011  0.4 
 1.55347  1.35  0.4 
 1.55  1.34884  0.4 
 1.5  1.33711  0.4 
 1.45  1.33388  0.4 
 1.4  1.34333  0.4 
 1.38761  1.35  0.4 
 1.35  1.38761  0.4 
 1.34333  1.4  0.4 
 1.33388  1.45  0.4 
 1.33711  1.5  0.4 
 1.34884  1.55  0.4 
 1.35  1.55347  0.4 
 1.38011  1.6  0.4 
 1.4  1.62596  0.4 
 1.45  1.64235  0.4 
 1.5  1.62705  0.4 
 1.54406  1.6  0.4 
 1.55  1.59615  0.4 
 1.59615  1.55  0.4 
 1.6  1.54406  0.4 
 1.62705  1.5  0.4 
 1.64235  1.45  0.4 
 1.62596  1.4  0.4 


# Contour 32, label:      0.3
 1.61024  1.45  0.3 
 1.6  1.42078  0.3 
 1.59135  1.4  0.3 
 1.55  1.37285  0.3 
 1.5  1.35079  0.3 
 1.49343  1.35  0.3 
 1.45  1.34719  0.3 
 1.43515  1.35  0.3 
 1.4  1.36233  0.3 
 1.36233  1.4  0.3 
 1.35  1.43515  0.3 
 1.34719  1.45  0.3 
 1.35  1.49343  0.3 
 1.35079  1.5  0.3 
 1.37285  1.55  0.3 
 1.4  1.59135  0.3 
 1.42078  1.6  0.3 
 1.45  1.61024  0.3 
 1.48721  1.6  0.3 
 1.5  1.5964  0.3 
 1.55  1.56406  0.3 
 1.56406  1.55  0.3 
 1.5964  1.5  0.3 
 1.6  1.48721  0.3 
 1.61024  1.45  0.3 


# Contour 33, label:      0.2
 1.55322  1.4  0.2 
 1.55  1.39789  0.2 
 1.5  1.37554  0.2 
 1.45  1.36946  0.2 
 1.4  1.38703  0.2 
 1.38703  1.4  0.2 
 1.36946  1.45  0.2 
 1.37554  1.5  0.2 
 1.39789  1.55  0.2 
 1.4  1.55322  0.2 
 1.45  1.57579  0.2 
 1.5  1.56357  0.2 
 1.52119  1.55  0.2 
 1.55  1.52119  0.2 
 1.56357  1.5  0.2 
 1.57579  1.45  0.2 
 1.55322  1.4  0.2 


# Contour 34, label:      0.1
 1.53606  1.45  0.1 
 1.5  1.40082  0.1 
 1.49764  1.4  0.1 
 1.45  1.39412  0.1 
 1.43327  1.4  0.1 
 1.4  1.43327  0.1 
 1.39412  1.45  0.1 
 1.4  1.49764  0.1 
 1.40082  1.5  0.1 
 1.45  1.53606  0.1 
 1.5  1.5215  0.1 
 1.5215  1.5  0.1 
 1.53606  1.45  0.1 

