
# Surface 0 of 1 surfaces

# Curve title: "'zpe.map.invtors0' using 5:3:6"

# Contour 0, label:      2.5
 101.905  145  2.5 
 100  142.386  2.5 
 96.7947  145  2.5 
 97.1737  150  2.5 
 100  154.986  2.5 
 103.349  150  2.5 
 101.905  145  2.5 

 91.2765  100  2.5 
 90  100.792  2.5 
 85  101.149  2.5 
 81.5196  100  2.5 


# Contour 1, label:      2.4
 116.202  165  2.4 
 115  163.4  2.4 
 113.878  160  2.4 
 110.766  155  2.4 
 110  154.045  2.4 
 107.556  150  2.4 
 105  146.085  2.4 
 104.49  145  2.4 
 101.033  140  2.4 
 100  138.302  2.4 
 96.2168  135  2.4 
 95  133.425  2.4 
 94.032  135  2.4 
 93.0732  140  2.4 
 92.6855  145  2.4 
 92.6097  150  2.4 
 93.3112  155  2.4 
 95  159.018  2.4 
 95.8059  160  2.4 
 100  163.607  2.4 
 103.587  165  2.4 
 105  165.577  2.4 
 110  166.44  2.4 
 115  165.911  2.4 
 116.202  165  2.4 

 96.5755  100  2.4 
 95  101.821  2.4 
 90  104.779  2.4 
 85  104.573  2.4 
 80  102.451  2.4 
 75.37  100  2.4 


# Contour 2, label:      2.3
 100.249  100  2.3 
 100  100.377  2.3 
 96.0056  105  2.3 
 95  107.153  2.3 
 91.9311  110  2.3 
 90  113.36  2.3 
 86.0948  110  2.3 
 85  109.669  2.3 
 80  105.47  2.3 
 79.5327  105  2.3 
 75  102.307  2.3 
 70.8364  100  2.3 

 180  171.707  2.3 
 175  171.654  2.3 
 170  171.486  2.3 
 165  171.176  2.3 
 160  170.656  2.3 
 156.107  170  2.3 
 155  169.921  2.3 
 150  169.476  2.3 
 145  168.88  2.3 
 140  168.041  2.3 
 135  166.729  2.3 
 131.166  165  2.3 
 130  164.641  2.3 
 125  162.596  2.3 
 121.397  160  2.3 
 120  159.125  2.3 
 115.51  155  2.3 
 115  154.534  2.3 
 111.129  150  2.3 
 110  148.604  2.3 
 107.463  145  2.3 
 105  141.22  2.3 
 104.183  140  2.3 
 101.109  135  2.3 
 100  132.836  2.3 
 97.6914  130  2.3 
 95  125.265  2.3 
 90  126.884  2.3 
 89.7178  130  2.3 
 89.4828  135  2.3 
 89.2253  140  2.3 
 88.8086  145  2.3 
 88.3444  150  2.3 
 88.0345  155  2.3 
 88.1546  160  2.3 
 89.1132  165  2.3 
 90  167.299  2.3 
 92.0662  170  2.3 
 95  172.441  2.3 
 100  174.282  2.3 
 103.368  175  2.3 
 105  175.288  2.3 
 110  175.925  2.3 
 115  176.367  2.3 
 120  176.713  2.3 
 125  177.009  2.3 
 130  177.276  2.3 
 135  177.526  2.3 
 140  177.766  2.3 
 145  177.999  2.3 
 150  178.229  2.3 
 155  178.453  2.3 
 160  178.667  2.3 
 165  178.863  2.3 
 170  179.023  2.3 
 175  179.131  2.3 
 180  179.168  2.3 


# Contour 3, label:      2.2
 66.4643  100  2.2 
 70  101.786  2.2 
 75  104.783  2.2 
 75.3657  105  2.2 
 80  109.666  2.2 
 80.3915  110  2.2 
 83.5413  115  2.2 
 84.9556  120  2.2 
 85  120.356  2.2 
 85.728  125  2.2 
 85.9713  130  2.2 
 85.9434  135  2.2 
 85.6465  140  2.2 
 85.0644  145  2.2 
 85  145.412  2.2 
 84.2312  150  2.2 
 83.1612  155  2.2 
 81.8128  160  2.2 
 80  164.724  2.2 
 79.8572  165  2.2 
 76.1597  170  2.2 
 75  170.915  2.2 
 70  173.405  2.2 
 65  174.722  2.2 
 63.5936  175  2.2 
 60  175.663  2.2 
 55  176.385  2.2 
 50  176.947  2.2 
 45  177.4  2.2 
 40  177.772  2.2 
 35  178.082  2.2 
 30  178.339  2.2 
 25  178.551  2.2 
 20  178.721  2.2 
 15  178.851  2.2 
 10  178.943  2.2 
 5  178.998  2.2 
 0  179.016  2.2 

 180  168.665  2.2 
 175  168.618  2.2 
 170  168.475  2.2 
 165  168.228  2.2 
 160  167.861  2.2 
 155  167.347  2.2 
 150  166.633  2.2 
 145  165.622  2.2 
 142.72  165  2.2 
 140  164.426  2.2 
 135  163.068  2.2 
 130  161.103  2.2 
 127.971  160  2.2 
 125  158.525  2.2 
 120.032  155  2.2 
 120  154.977  2.2 
 115  150.406  2.2 
 114.653  150  2.2 
 110.527  145  2.2 
 110  144.275  2.2 
 107.102  140  2.2 
 105  136.346  2.2 
 104.166  135  2.2 
 101.554  130  2.2 
 100  126.188  2.2 
 99.2783  125  2.2 
 97.3974  120  2.2 
 96.7815  115  2.2 
 97.4946  110  2.2 
 99.7894  105  2.2 
 100  104.756  2.2 
 103.15  100  2.2 


# Contour 4, label:      2.1
 61.9641  100  2.1 
 65  101.316  2.1 
 70  103.983  2.1 
 71.6833  105  2.1 
 75  108.268  2.1 
 76.7224  110  2.1 
 79.6034  115  2.1 
 80  116.181  2.1 
 81.398  120  2.1 
 82.2355  125  2.1 
 82.5688  130  2.1 
 82.5548  135  2.1 
 82.1822  140  2.1 
 81.4218  145  2.1 
 80.2117  150  2.1 
 80  150.686  2.1 
 78.4675  155  2.1 
 75.9166  160  2.1 
 75  161.392  2.1 
 71.7838  165  2.1 
 70  166.491  2.1 
 65  169.346  2.1 
 63.4059  170  2.1 
 60  171.22  2.1 
 55  172.532  2.1 
 50  173.488  2.1 
 45  174.22  2.1 
 40  174.8  2.1 
 37.9534  175  2.1 
 35  175.309  2.1 
 30  175.741  2.1 
 25  176.084  2.1 
 20  176.353  2.1 
 15  176.554  2.1 
 10  176.695  2.1 
 5  176.778  2.1 
 0  176.805  2.1 

 180  166.522  2.1 
 175  166.461  2.1 
 170  166.276  2.1 
 165  165.952  2.1 
 160  165.466  2.1 
 156.563  165  2.1 
 155  164.825  2.1 
 150  164.107  2.1 
 145  163.164  2.1 
 140  161.908  2.1 
 135  160.168  2.1 
 134.611  160  2.1 
 130  158.126  2.1 
 125  155.296  2.1 
 124.582  155  2.1 
 120  151.657  2.1 
 118.218  150  2.1 
 115  146.71  2.1 
 113.573  145  2.1 
 110  140.088  2.1 
 109.94  140  2.1 
 106.956  135  2.1 
 105  130.916  2.1 
 104.517  130  2.1 
 102.42  125  2.1 
 101.055  120  2.1 
 100.526  115  2.1 
 100.982  110  2.1 
 102.688  105  2.1 
 105  101.543  2.1 
 105.937  100  2.1 


# Contour 5, label:        2
 57.0778  100  2 
 60  101.037  2 
 65  103.3  2 
 68.074  105  2 
 70  106.717  2 
 73.3264  110  2 
 75  112.787  2 
 76.3384  115  2 
 78.0915  120  2 
 78.9939  125  2 
 79.3133  130  2 
 79.2423  135  2 
 78.7663  140  2 
 77.8083  145  2 
 76.2388  150  2 
 75  152.777  2 
 73.8498  155  2 
 70.1941  160  2 
 70  160.211  2 
 65  164.39  2 
 64.02  165  2 
 60  167.094  2 
 55  168.947  2 
 51.2211  170  2 
 50  170.314  2 
 45  171.384  2 
 40  172.21  2 
 35  172.86  2 
 30  173.376  2 
 25  173.785  2 
 20  174.103  2 
 15  174.342  2 
 10  174.508  2 
 5  174.606  2 
 0  174.638  2 

 180  164.488  2 
 175  164.428  2 
 170  164.246  2 
 165  163.933  2 
 160  163.474  2 
 155  162.846  2 
 150  162.007  2 
 145  160.894  2 
 141.906  160  2 
 140  159.469  2 
 135  157.734  2 
 130  155.402  2 
 129.301  155  2 
 125  152.418  2 
 121.853  150  2 
 120  148.415  2 
 116.65  145  2 
 115  143.033  2 
 112.722  140  2 
 110  135.595  2 
 109.645  135  2 
 107.165  130  2 
 105.272  125  2 
 105  123.912  2 
 103.898  120  2 
 103.342  115  2 
 103.799  110  2 
 105  106.528  2 
 105.473  105  2 
 108.523  100  2 


# Contour 6, label:      1.9
 51.427  100  1.9 
 55  100.997  1.9 
 60  102.853  1.9 
 64.4609  105  1.9 
 65  105.414  1.9 
 70  109.916  1.9 
 70.0855  110  1.9 
 73.1902  115  1.9 
 74.9496  120  1.9 
 75  120.28  1.9 
 75.8779  125  1.9 
 76.1529  130  1.9 
 76.0002  135  1.9 
 75.3907  140  1.9 
 75  141.729  1.9 
 74.2111  145  1.9 
 72.263  150  1.9 
 70  153.883  1.9 
 69.2371  155  1.9 
 65  159.545  1.9 
 64.4698  160  1.9 
 60  163.071  1.9 
 56.1742  165  1.9 
 55  165.508  1.9 
 50  167.273  1.9 
 45  168.601  1.9 
 40  169.63  1.9 
 37.8063  170  1.9 
 35  170.452  1.9 
 30  171.106  1.9 
 25  171.617  1.9 
 20  172.012  1.9 
 15  172.305  1.9 
 10  172.508  1.9 
 5  172.627  1.9 
 0  172.667  1.9 

 180  162.723  1.9 
 175  162.655  1.9 
 170  162.451  1.9 
 165  162.098  1.9 
 160  161.58  1.9 
 155  160.867  1.9 
 150.455  160  1.9 
 150  159.916  1.9 
 145  158.767  1.9 
 140  157.281  1.9 
 135  155.329  1.9 
 134.309  155  1.9 
 130  152.847  1.9 
 125.585  150  1.9 
 125  149.579  1.9 
 120  145.25  1.9 
 119.755  145  1.9 
 115.51  140  1.9 
 115  139.266  1.9 
 112.263  135  1.9 
 110  130.498  1.9 
 109.752  130  1.9 
 107.798  125  1.9 
 106.525  120  1.9 
 106.019  115  1.9 
 106.426  110  1.9 
 107.996  105  1.9 
 110  101.752  1.9 
 111.065  100  1.9 


# Contour 7, label:      1.8
 44.2175  100  1.8 
 45  100.123  1.8 
 50  101.193  1.8 
 55  102.674  1.8 
 60  104.669  1.8 
 60.6885  105  1.8 
 65  108.311  1.8 
 66.8729  110  1.8 
 70  114.802  1.8 
 70.1231  115  1.8 
 71.9312  120  1.8 
 72.8154  125  1.8 
 73.0257  130  1.8 
 72.7787  135  1.8 
 72.0236  140  1.8 
 70.6095  145  1.8 
 70  146.409  1.8 
 68.2567  150  1.8 
 65  154.493  1.8 
 64.5648  155  1.8 
 60  159.016  1.8 
 58.5885  160  1.8 
 55  162.052  1.8 
 50  164.233  1.8 
 47.8031  165  1.8 
 45  165.868  1.8 
 40  167.114  1.8 
 35  168.088  1.8 
 30  168.854  1.8 
 25  169.456  1.8 
 20  169.921  1.8 
 18.8719  170  1.8 
 15  170.268  1.8 
 10  170.508  1.8 
 5  170.649  1.8 
 0  170.695  1.8 

 180  160.957  1.8 
 175  160.882  1.8 
 170  160.655  1.8 
 165  160.264  1.8 
 162.675  160  1.8 
 160  159.706  1.8 
 155  158.967  1.8 
 150  157.995  1.8 
 145  156.733  1.8 
 140  155.092  1.8 
 139.767  155  1.8 
 135  153.014  1.8 
 130  150.322  1.8 
 129.501  150  1.8 
 125  146.76  1.8 
 122.98  145  1.8 
 120  141.952  1.8 
 118.334  140  1.8 
 115  135.2  1.8 
 114.872  135  1.8 
 112.256  130  1.8 
 110.312  125  1.8 
 110  123.776  1.8 
 109.015  120  1.8 
 108.495  115  1.8 
 108.912  110  1.8 
 110  106.598  1.8 
 110.498  105  1.8 
 113.549  100  1.8 


# Contour 8, label:      1.7
 33.5464  100  1.7 
 35  100.115  1.7 
 40  100.767  1.7 
 45  101.594  1.7 
 50  102.757  1.7 
 55  104.352  1.7 
 56.604  105  1.7 
 60  107.158  1.7 
 63.6039  110  1.7 
 65  111.898  1.7 
 67.0755  115  1.7 
 68.9179  120  1.7 
 69.7743  125  1.7 
 69.9175  130  1.7 
 69.5634  135  1.7 
 68.6412  140  1.7 
 66.9609  145  1.7 
 65  148.669  1.7 
 64.1891  150  1.7 
 60  154.774  1.7 
 59.7618  155  1.7 
 55  158.501  1.7 
 52.3987  160  1.7 
 50  161.155  1.7 
 45  163.089  1.7 
 40  164.585  1.7 
 38.3023  165  1.7 
 35  165.733  1.7 
 30  166.621  1.7 
 25  167.315  1.7 
 20  167.847  1.7 
 15  168.242  1.7 
 10  168.515  1.7 
 5  168.675  1.7 
 0  168.728  1.7 

 180  159.229  1.7 
 175  159.152  1.7 
 170  158.918  1.7 
 165  158.516  1.7 
 160  157.929  1.7 
 155  157.129  1.7 
 150  156.074  1.7 
 146.045  155  1.7 
 145  154.703  1.7 
 140  152.955  1.7 
 135  150.714  1.7 
 133.688  150  1.7 
 130  147.764  1.7 
 126.291  145  1.7 
 125  143.872  1.7 
 121.207  140  1.7 
 120  138.485  1.7 
 117.51  135  1.7 
 115  130.473  1.7 
 114.752  130  1.7 
 112.744  125  1.7 
 111.448  120  1.7 
 110.934  115  1.7 
 111.344  110  1.7 
 112.921  105  1.7 
 115  101.632  1.7 
 116.037  100  1.7 


# Contour 9, label:      1.6
 0  100.52  1.6 
 5  100.524  1.6 
 10  100.542  1.6 
 15  100.558  1.6 
 20  100.624  1.6 
 25  100.758  1.6 
 30  101.036  1.6 
 35  101.471  1.6 
 40  102.162  1.6 
 45  103.064  1.6 
 50  104.32  1.6 
 52.0725  105  1.6 
 55  106.486  1.6 
 60  109.799  1.6 
 60.2551  110  1.6 
 63.9981  115  1.6 
 65  117.558  1.6 
 65.9138  120  1.6 
 66.7374  125  1.6 
 66.8028  130  1.6 
 66.3281  135  1.6 
 65.2342  140  1.6 
 65  140.645  1.6 
 63.2508  145  1.6 
 60.0198  150  1.6 
 60  150.023  1.6 
 55  154.796  1.6 
 54.7393  155  1.6 
 50  157.94  1.6 
 45.7081  160  1.6 
 45  160.289  1.6 
 40  161.991  1.6 
 35  163.321  1.6 
 30  164.365  1.6 
 26.1416  165  1.6 
 25  165.174  1.6 
 20  165.774  1.6 
 15  166.218  1.6 
 10  166.524  1.6 
 5  166.703  1.6 
 0  166.762  1.6 

 180  157.546  1.6 
 175  157.464  1.6 
 170  157.213  1.6 
 165  156.782  1.6 
 160  156.152  1.6 
 155  155.291  1.6 
 153.677  155  1.6 
 150  154.155  1.6 
 145  152.691  1.6 
 140  150.82  1.6 
 138.212  150  1.6 
 135  148.366  1.6 
 130  145.201  1.6 
 129.73  145  1.6 
 125  140.87  1.6 
 124.148  140  1.6 
 120.155  135  1.6 
 120  134.752  1.6 
 117.269  130  1.6 
 115.177  125  1.6 
 115  124.351  1.6 
 113.843  120  1.6 
 113.315  115  1.6 
 113.734  110  1.6 
 115  106.056  1.6 
 115.345  105  1.6 
 118.53  100  1.6 


# Contour 10, label:      1.5
 0  101.685  1.5 
 5  101.691  1.5 
 10  101.715  1.5 
 15  101.747  1.5 
 20  101.852  1.5 
 25  102.026  1.5 
 30  102.343  1.5 
 35  102.828  1.5 
 40  103.557  1.5 
 45  104.535  1.5 
 46.793  105  1.5 
 50  106.262  1.5 
 55  108.906  1.5 
 56.6425  110  1.5 
 60  113.862  1.5 
 60.8553  115  1.5 
 62.8595  120  1.5 
 63.6744  125  1.5 
 63.6611  130  1.5 
 63.0472  135  1.5 
 61.7387  140  1.5 
 60  143.914  1.5 
 59.4562  145  1.5 
 55.655  150  1.5 
 55  150.626  1.5 
 50  154.592  1.5 
 49.3749  155  1.5 
 45  157.296  1.5 
 40  159.349  1.5 
 38.0442  160  1.5 
 35  160.882  1.5 
 30  162.045  1.5 
 25  162.95  1.5 
 20  163.644  1.5 
 15  164.158  1.5 
 10  164.511  1.5 
 5  164.719  1.5 
 0  164.787  1.5 

 180  155.864  1.5 
 175  155.776  1.5 
 170  155.508  1.5 
 165  155.048  1.5 
 164.633  155  1.5 
 160  154.369  1.5 
 155  153.445  1.5 
 150  152.237  1.5 
 145  150.68  1.5 
 143.228  150  1.5 
 140  148.632  1.5 
 135  145.996  1.5 
 133.433  145  1.5 
 130  142.454  1.5 
 127.222  140  1.5 
 125  137.593  1.5 
 122.9  135  1.5 
 120  130.367  1.5 
 119.789  130  1.5 
 117.628  125  1.5 
 116.247  120  1.5 
 115.7  115  1.5 
 116.129  110  1.5 
 117.779  105  1.5 
 120  101.55  1.5 
 121.057  100  1.5 


# Contour 11, label:      1.4
 0  102.85  1.4 
 5  102.858  1.4 
 10  102.887  1.4 
 15  102.936  1.4 
 20  103.081  1.4 
 25  103.294  1.4 
 30  103.65  1.4 
 35  104.184  1.4 
 40  104.952  1.4 
 40.2391  105  1.4 
 45  106.42  1.4 
 50  108.495  1.4 
 52.758  110  1.4 
 55  112.092  1.4 
 57.5566  115  1.4 
 59.7716  120  1.4 
 60  121.374  1.4 
 60.5764  125  1.4 
 60.4825  130  1.4 
 60  133.273  1.4 
 59.7235  135  1.4 
 58.1581  140  1.4 
 55.5096  145  1.4 
 55  145.659  1.4 
 51.051  150  1.4 
 50  150.847  1.4 
 45  154.182  1.4 
 43.492  155  1.4 
 40  156.547  1.4 
 35  158.316  1.4 
 30  159.702  1.4 
 28.6559  160  1.4 
 25  160.72  1.4 
 20  161.48  1.4 
 15  162.042  1.4 
 10  162.428  1.4 
 5  162.654  1.4 
 0  162.728  1.4 

 180  154.166  1.4 
 175  154.072  1.4 
 170  153.784  1.4 
 165  153.291  1.4 
 160  152.573  1.4 
 155  151.598  1.4 
 150  150.319  1.4 
 148.996  150  1.4 
 145  148.605  1.4 
 140  146.41  1.4 
 137.386  145  1.4 
 135  143.508  1.4 
 130.379  140  1.4 
 130  139.648  1.4 
 125.685  135  1.4 
 125  134.045  1.4 
 122.398  130  1.4 
 120.083  125  1.4 
 120  124.724  1.4 
 118.66  120  1.4 
 118.097  115  1.4 
 118.532  110  1.4 
 120  105.624  1.4 
 120.219  105  1.4 
 123.633  100  1.4 


# Contour 12, label:      1.3
 0  104.015  1.3 
 5  104.025  1.3 
 10  104.059  1.3 
 15  104.125  1.3 
 20  104.31  1.3 
 25  104.562  1.3 
 30  104.957  1.3 
 30.3787  105  1.3 
 35  105.736  1.3 
 40  106.882  1.3 
 45  108.497  1.3 
 48.4483  110  1.3 
 50  111.135  1.3 
 54.1155  115  1.3 
 55  116.676  1.3 
 56.5317  120  1.3 
 57.3666  125  1.3 
 57.1933  130  1.3 
 56.2721  135  1.3 
 55  138.647  1.3 
 54.4685  140  1.3 
 51.3427  145  1.3 
 50  146.462  1.3 
 46.108  150  1.3 
 45  150.755  1.3 
 40  153.574  1.3 
 36.8222  155  1.3 
 35  155.677  1.3 
 30  157.187  1.3 
 25  158.361  1.3 
 20  159.258  1.3 
 15  159.92  1.3 
 14.1301  160  1.3 
 10  160.345  1.3 
 5  160.59  1.3 
 0  160.67  1.3 

 180  152.453  1.3 
 175  152.354  1.3 
 170  152.051  1.3 
 165  151.534  1.3 
 160  150.778  1.3 
 156.189  150  1.3 
 155  149.736  1.3 
 150  148.316  1.3 
 145  146.498  1.3 
 141.696  145  1.3 
 140  144.113  1.3 
 135  140.932  1.3 
 133.772  140  1.3 
 130  136.505  1.3 
 128.603  135  1.3 
 125.016  130  1.3 
 125  129.969  1.3 
 122.627  125  1.3 
 121.113  120  1.3 
 120.511  115  1.3 
 120.967  110  1.3 
 122.736  105  1.3 
 125  101.715  1.3 
 126.28  100  1.3 


# Contour 13, label:      1.2
 0  105.241  1.2 
 5  105.257  1.2 
 10  105.314  1.2 
 15  105.429  1.2 
 20  105.722  1.2 
 25  106.111  1.2 
 30  106.707  1.2 
 35  107.583  1.2 
 40  108.832  1.2 
 43.4236  110  1.2 
 45  110.881  1.2 
 50  114.619  1.2 
 50.4054  115  1.2 
 53.1454  120  1.2 
 54.0696  125  1.2 
 53.8139  130  1.2 
 52.6866  135  1.2 
 50.5811  140  1.2 
 50  140.901  1.2 
 46.9065  145  1.2 
 45  146.748  1.2 
 40.6756  150  1.2 
 40  150.388  1.2 
 35  152.77  1.2 
 30  154.627  1.2 
 28.7438  155  1.2 
 25  155.94  1.2 
 20  156.908  1.2 
 15  157.621  1.2 
 10  158.11  1.2 
 5  158.396  1.2 
 0  158.49  1.2 

 180  150.74  1.2 
 175  150.636  1.2 
 170  150.319  1.2 
 167.047  150  1.2 
 165  149.762  1.2 
 160  148.922  1.2 
 155  147.783  1.2 
 150  146.297  1.2 
 146.552  145  1.2 
 145  144.331  1.2 
 140  141.685  1.2 
 137.395  140  1.2 
 135  138.119  1.2 
 131.65  135  1.2 
 130  133.016  1.2 
 127.797  130  1.2 
 125.183  125  1.2 
 125  124.456  1.2 
 123.615  120  1.2 
 122.994  115  1.2 
 123.454  110  1.2 
 125  105.696  1.2 
 125.268  105  1.2 
 129.006  100  1.2 


# Contour 14, label:      1.1
 0  106.804  1.1 
 5  106.827  1.1 
 10  106.904  1.1 
 15  107.056  1.1 
 20  107.369  1.1 
 25  107.809  1.1 
 30  108.471  1.1 
 35  109.43  1.1 
 37.1765  110  1.1 
 40  111.183  1.1 
 45  114.075  1.1 
 46.2272  115  1.1 
 49.5828  120  1.1 
 50  121.886  1.1 
 50.605  125  1.1 
 50.2958  130  1.1 
 50  131.198  1.1 
 48.9421  135  1.1 
 46.4226  140  1.1 
 45  141.84  1.1 
 42.087  145  1.1 
 40  146.607  1.1 
 35  149.721  1.1 
 34.4468  150  1.1 
 30  151.769  1.1 
 25  153.318  1.1 
 20  154.497  1.1 
 17.1302  155  1.1 
 15  155.321  1.1 
 10  155.845  1.1 
 5  156.151  1.1 
 0  156.251  1.1 

 180  148.964  1.1 
 175  148.849  1.1 
 170  148.497  1.1 
 165  147.896  1.1 
 160  147.019  1.1 
 155  145.831  1.1 
 152.285  145  1.1 
 150  144.204  1.1 
 145  142.018  1.1 
 141.299  140  1.1 
 140  139.145  1.1 
 135  135.171  1.1 
 134.816  135  1.1 
 130.627  130  1.1 
 130  128.951  1.1 
 127.885  125  1.1 
 126.186  120  1.1 
 125.506  115  1.1 
 125.997  110  1.1 
 127.932  105  1.1 
 130  102.251  1.1 
 131.872  100  1.1 


# Contour 15, label:        1
 0  108.366  1 
 5  108.396  1 
 10  108.495  1 
 15  108.683  1 
 20  109.016  1 
 25  109.507  1 
 28.427  110  1 
 30  110.346  1 
 35  111.906  1 
 40  114.135  1 
 41.46  115  1 
 45  119.07  1 
 45.6397  120  1 
 46.8493  125  1 
 46.4924  130  1 
 45  134.921  1 
 44.9727  135  1 
 41.9283  140  1 
 40  142.079  1 
 36.7015  145  1 
 35  146.093  1 
 30  148.685  1 
 26.7557  150  1 
 25  150.567  1 
 20  151.828  1 
 15  152.754  1 
 10  153.387  1 
 5  153.757  1 
 0  153.879  1 

 180  147.141  1 
 175  147.021  1 
 170  146.655  1 
 165  146.029  1 
 160  145.117  1 
 159.517  145  1 
 155  143.762  1 
 150  141.98  1 
 145.628  140  1 
 145  139.659  1 
 140  136.354  1 
 138.301  135  1 
 135  131.617  1 
 133.643  130  1 
 130.636  125  1 
 130  123.338  1 
 128.841  120  1 
 128.139  115  1 
 128.632  110  1 
 130  106.507  1 
 130.645  105  1 
 134.819  100  1 


# Contour 16, label:      0.9
 0  109.928  0.9 
 5  109.966  0.9 
 6.45221  110  0.9 
 10  110.121  0.9 
 15  110.439  0.9 
 20  110.958  0.9 
 25  111.758  0.9 
 30  112.947  0.9 
 35  114.663  0.9 
 35.7374  115  0.9 
 40  118.657  0.9 
 41.1827  120  0.9 
 42.7647  125  0.9 
 42.3859  130  0.9 
 40.5796  135  0.9 
 40  135.921  0.9 
 36.9382  140  0.9 
 35  141.731  0.9 
 30.4476  145  0.9 
 30  145.237  0.9 
 25  147.37  0.9 
 20  148.986  0.9 
 15.7369  150  0.9 
 15  150.142  0.9 
 10  150.815  0.9 
 5  151.208  0.9 
 0  151.337  0.9 

 180  145.318  0.9 
 175  145.193  0.9 
 172.445  145  0.9 
 170  144.794  0.9 
 165  144.074  0.9 
 160  143.026  0.9 
 155  141.607  0.9 
 150.642  140  0.9 
 150  139.718  0.9 
 145  136.991  0.9 
 142.041  135  0.9 
 140  133.239  0.9 
 136.836  130  0.9 
 135  127.355  0.9 
 133.566  125  0.9 
 131.622  120  0.9 
 130.836  115  0.9 
 131.37  110  0.9 
 133.526  105  0.9 
 135  103.236  0.9 
 138.051  100  0.9 


# Contour 17, label:      0.8
 0  112.118  0.8 
 5  112.181  0.8 
 10  112.38  0.8 
 15  112.747  0.8 
 20  113.338  0.8 
 25  114.235  0.8 
 27.971  115  0.8 
 30  115.918  0.8 
 35  119.14  0.8 
 35.9879  120  0.8 
 38.1614  125  0.8 
 37.8141  130  0.8 
 35.6643  135  0.8 
 35  135.872  0.8 
 31.1764  140  0.8 
 30  140.861  0.8 
 25  143.78  0.8 
 22.2838  145  0.8 
 20  145.77  0.8 
 15  147.024  0.8 
 10  147.88  0.8 
 5  148.38  0.8 
 0  148.544  0.8 

 180  143.333  0.8 
 175  143.189  0.8 
 170  142.754  0.8 
 165  142.008  0.8 
 160  140.923  0.8 
 156.835  140  0.8 
 155  139.366  0.8 
 150  137.148  0.8 
 146.164  135  0.8 
 145  134.169  0.8 
 140.198  130  0.8 
 140  129.759  0.8 
 136.654  125  0.8 
 135  121.273  0.8 
 134.498  120  0.8 
 133.686  115  0.8 
 134.22  110  0.8 
 135  108.203  0.8 
 136.552  105  0.8 
 140  101.348  0.8 
 141.466  100  0.8 


# Contour 18, label:      0.7
 0  114.339  0.7 
 5  114.411  0.7 
 10  114.639  0.7 
 14.3493  115  0.7 
 15  115.088  0.7 
 20  116.163  0.7 
 25  117.816  0.7 
 29.4747  120  0.7 
 30  120.624  0.7 
 32.6961  125  0.7 
 32.4817  130  0.7 
 30  134.86  0.7 
 29.9134  135  0.7 
 25  139.277  0.7 
 23.941  140  0.7 
 20  141.824  0.7 
 15  143.532  0.7 
 10  144.707  0.7 
 7.87925  145  0.7 
 5  145.301  0.7 
 0  145.473  0.7 

 180  141.312  0.7 
 175  141.164  0.7 
 170  140.714  0.7 
 165.364  140  0.7 
 165  139.934  0.7 
 160  138.633  0.7 
 155  136.871  0.7 
 150.898  135  0.7 
 150  134.48  0.7 
 145  130.891  0.7 
 143.974  130  0.7 
 140  125.15  0.7 
 139.895  125  0.7 
 137.626  120  0.7 
 136.696  115  0.7 
 137.284  110  0.7 
 139.731  105  0.7 
 140  104.715  0.7 
 145  100.114  0.7 
 145.145  100  0.7 


# Contour 19, label:      0.6
 0  117.455  0.6 
 5  117.589  0.6 
 10  118.01  0.6 
 15  118.782  0.6 
 19.9274  120  0.6 
 20  120.039  0.6 
 25  124.113  0.6 
 25.7585  125  0.6 
 25.8568  130  0.6 
 25  131.402  0.6 
 22.2745  135  0.6 
 20  136.56  0.6 
 15  139.141  0.6 
 12.6215  140  0.6 
 10  140.633  0.6 
 5  141.341  0.6 
 0  141.574  0.6 

 180  139.179  0.6 
 175  139.002  0.6 
 170  138.462  0.6 
 165  137.539  0.6 
 160  136.196  0.6 
 156.686  135  0.6 
 155  134.231  0.6 
 150  131.314  0.6 
 148.184  130  0.6 
 145  126.765  0.6 
 143.544  125  0.6 
 140.911  120  0.6 
 140  115.816  0.6 
 139.844  115  0.6 
 140  113.672  0.6 
 140.485  110  0.6 
 143.28  105  0.6 
 145  103.416  0.6 
 149.355  100  0.6 


# Contour 20, label:      0.5
 0  121.883  0.5 
 5  122.197  0.5 
 10  123.197  0.5 
 14.8298  125  0.5 
 15  125.525  0.5 
 15.9204  130  0.5 
 15  130.951  0.5 
 10  134.665  0.5 
 9.26004  135  0.5 
 5  135.905  0.5 
 0  136.256  0.5 

 180  136.835  0.5 
 175  136.652  0.5 
 170  136.096  0.5 
 165  135.145  0.5 
 164.47  135  0.5 
 160  133.467  0.5 
 155  131.154  0.5 
 153.046  130  0.5 
 150  127.483  0.5 
 147.555  125  0.5 
 145  120.935  0.5 
 144.502  120  0.5 
 143.377  115  0.5 
 144.033  110  0.5 
 145  108.28  0.5 
 147.152  105  0.5 
 150  102.758  0.5 
 154.209  100  0.5 


# Contour 21, label:      0.4
 180  134.37  0.4 
 175  134.138  0.4 
 170  133.43  0.4 
 165  132.219  0.4 
 160  130.458  0.4 
 159.021  130  0.4 
 155  127.379  0.4 
 152.137  125  0.4 
 150  122.235  0.4 
 148.579  120  0.4 
 147.23  115  0.4 
 147.98  110  0.4 
 150  106.936  0.4 
 151.531  105  0.4 
 155  102.718  0.4 
 160  100.074  0.4 
 160.184  100  0.4 


# Contour 22, label:      0.3
 180  131.472  0.3 
 175  131.233  0.3 
 170  130.505  0.3 
 167.957  130  0.3 
 165  128.99  0.3 
 160  126.519  0.3 
 157.696  125  0.3 
 155  122.25  0.3 
 153.25  120  0.3 
 151.586  115  0.3 
 152.466  110  0.3 
 155  106.803  0.3 
 156.776  105  0.3 
 160  103.287  0.3 
 165  101.27  0.3 
 169.5  100  0.3 


# Contour 23, label:      0.2
 180  101.923  0.2 
 175  102.181  0.2 
 170  103.025  0.2 
 165  104.454  0.2 
 163.656  105  0.2 
 160  107.84  0.2 
 157.873  110  0.2 
 156.806  115  0.2 
 158.936  120  0.2 
 160  121.085  0.2 
 165  124.924  0.2 
 165.142  125  0.2 
 170  126.696  0.2 
 175  127.717  0.2 
 180  128.053  0.2 


# Contour 24, label:      0.1
 180  105.097  0.1 
 175  105.636  0.1 
 170  107.264  0.1 
 165.019  110  0.1 
 165  110.049  0.1 
 163.656  115  0.1 
 165  117.356  0.1 
 167.161  120  0.1 
 170  121.532  0.1 
 175  123.115  0.1 
 180  123.636  0.1 

