
# Surface 0 of 1 surfaces

# Curve title: "'zpe.map.invtors0' using 5:3:6"

# Contour 0, label:      2.5
 101.905  145  2.5 
 100  142.386  2.5 
 96.7947  145  2.5 
 97.1737  150  2.5 
 100  154.986  2.5 
 103.349  150  2.5 
 101.905  145  2.5 

 91.2765  100  2.5 
 90  100.792  2.5 
 85  101.149  2.5 
 81.5196  100  2.5 


# Contour 1, label:        2
 57.0778  100  2 
 60  101.037  2 
 65  103.3  2 
 68.074  105  2 
 70  106.717  2 
 73.3264  110  2 
 75  112.787  2 
 76.3384  115  2 
 78.0915  120  2 
 78.9939  125  2 
 79.3133  130  2 
 79.2423  135  2 
 78.7663  140  2 
 77.8083  145  2 
 76.2388  150  2 
 75  152.777  2 
 73.8498  155  2 
 70.1941  160  2 
 70  160.211  2 
 65  164.39  2 
 64.02  165  2 
 60  167.094  2 
 55  168.947  2 
 51.2211  170  2 
 50  170.314  2 
 45  171.384  2 
 40  172.21  2 
 35  172.86  2 
 30  173.376  2 
 25  173.785  2 
 20  174.103  2 
 15  174.342  2 
 10  174.508  2 
 5  174.606  2 
 0  174.638  2 

 180  164.488  2 
 175  164.428  2 
 170  164.246  2 
 165  163.933  2 
 160  163.474  2 
 155  162.846  2 
 150  162.007  2 
 145  160.894  2 
 141.906  160  2 
 140  159.469  2 
 135  157.734  2 
 130  155.402  2 
 129.301  155  2 
 125  152.418  2 
 121.853  150  2 
 120  148.415  2 
 116.65  145  2 
 115  143.033  2 
 112.722  140  2 
 110  135.595  2 
 109.645  135  2 
 107.165  130  2 
 105.272  125  2 
 105  123.912  2 
 103.898  120  2 
 103.342  115  2 
 103.799  110  2 
 105  106.528  2 
 105.473  105  2 
 108.523  100  2 


# Contour 2, label:      1.5
 0  101.685  1.5 
 5  101.691  1.5 
 10  101.715  1.5 
 15  101.747  1.5 
 20  101.852  1.5 
 25  102.026  1.5 
 30  102.343  1.5 
 35  102.828  1.5 
 40  103.557  1.5 
 45  104.535  1.5 
 46.793  105  1.5 
 50  106.262  1.5 
 55  108.906  1.5 
 56.6425  110  1.5 
 60  113.862  1.5 
 60.8553  115  1.5 
 62.8595  120  1.5 
 63.6744  125  1.5 
 63.6611  130  1.5 
 63.0472  135  1.5 
 61.7387  140  1.5 
 60  143.914  1.5 
 59.4562  145  1.5 
 55.655  150  1.5 
 55  150.626  1.5 
 50  154.592  1.5 
 49.3749  155  1.5 
 45  157.296  1.5 
 40  159.349  1.5 
 38.0442  160  1.5 
 35  160.882  1.5 
 30  162.045  1.5 
 25  162.95  1.5 
 20  163.644  1.5 
 15  164.158  1.5 
 10  164.511  1.5 
 5  164.719  1.5 
 0  164.787  1.5 

 180  155.864  1.5 
 175  155.776  1.5 
 170  155.508  1.5 
 165  155.048  1.5 
 164.633  155  1.5 
 160  154.369  1.5 
 155  153.445  1.5 
 150  152.237  1.5 
 145  150.68  1.5 
 143.228  150  1.5 
 140  148.632  1.5 
 135  145.996  1.5 
 133.433  145  1.5 
 130  142.454  1.5 
 127.222  140  1.5 
 125  137.593  1.5 
 122.9  135  1.5 
 120  130.367  1.5 
 119.789  130  1.5 
 117.628  125  1.5 
 116.247  120  1.5 
 115.7  115  1.5 
 116.129  110  1.5 
 117.779  105  1.5 
 120  101.55  1.5 
 121.057  100  1.5 


# Contour 3, label:        1
 0  108.366  1 
 5  108.396  1 
 10  108.495  1 
 15  108.683  1 
 20  109.016  1 
 25  109.507  1 
 28.427  110  1 
 30  110.346  1 
 35  111.906  1 
 40  114.135  1 
 41.46  115  1 
 45  119.07  1 
 45.6397  120  1 
 46.8493  125  1 
 46.4924  130  1 
 45  134.921  1 
 44.9727  135  1 
 41.9283  140  1 
 40  142.079  1 
 36.7015  145  1 
 35  146.093  1 
 30  148.685  1 
 26.7557  150  1 
 25  150.567  1 
 20  151.828  1 
 15  152.754  1 
 10  153.387  1 
 5  153.757  1 
 0  153.879  1 

 180  147.141  1 
 175  147.021  1 
 170  146.655  1 
 165  146.029  1 
 160  145.117  1 
 159.517  145  1 
 155  143.762  1 
 150  141.98  1 
 145.628  140  1 
 145  139.659  1 
 140  136.354  1 
 138.301  135  1 
 135  131.617  1 
 133.643  130  1 
 130.636  125  1 
 130  123.338  1 
 128.841  120  1 
 128.139  115  1 
 128.632  110  1 
 130  106.507  1 
 130.645  105  1 
 134.819  100  1 


# Contour 4, label:      0.5
 0  121.883  0.5 
 5  122.197  0.5 
 10  123.197  0.5 
 14.8298  125  0.5 
 15  125.525  0.5 
 15.9204  130  0.5 
 15  130.951  0.5 
 10  134.665  0.5 
 9.26004  135  0.5 
 5  135.905  0.5 
 0  136.256  0.5 

 180  136.835  0.5 
 175  136.652  0.5 
 170  136.096  0.5 
 165  135.145  0.5 
 164.47  135  0.5 
 160  133.467  0.5 
 155  131.154  0.5 
 153.046  130  0.5 
 150  127.483  0.5 
 147.555  125  0.5 
 145  120.935  0.5 
 144.502  120  0.5 
 143.377  115  0.5 
 144.033  110  0.5 
 145  108.28  0.5 
 147.152  105  0.5 
 150  102.758  0.5 
 154.209  100  0.5 

