
# Surface 0 of 1 surfaces

# Curve title: "'risu.map12' using 1:2:6"

# Contour 0, label:      3.5
 1.25074  4  3.5 
 1.25106  3.75  3.5 
 1.2517  3.5  3.5 
 1.2522  3.3  3.5 
 1.25215  3.2  3.5 
 1.25176  3.1  3.5 
 1.25102  3  3.5 
 1.25005  2.9  3.5 
 1.25  2.89577  3.5 

 4  1.25074  3.5 
 3.75  1.25106  3.5 
 3.5  1.2517  3.5 
 3.3  1.2522  3.5 
 3.2  1.25215  3.5 
 3.1  1.25176  3.5 
 3  1.25102  3.5 
 2.9  1.25005  3.5 
 2.89577  1.25  3.5 


# Contour 1, label:        3
 1.29341  4  3 
 1.29373  3.75  3 
 1.29437  3.5  3 
 1.29487  3.3  3 
 1.29483  3.2  3 
 1.29442  3.1  3 
 1.29367  3  3 
 1.29267  2.9  3 
 1.29157  2.8  3 
 1.2904  2.7  3 
 1.28896  2.6  3 
 1.28795  2.55  3 
 1.28658  2.5  3 
 1.28479  2.45  3 
 1.28235  2.4  3 
 1.279  2.35  3 
 1.27447  2.3  3 
 1.26856  2.25  3 
 1.26115  2.2  3 
 1.25224  2.15  3 
 1.25  2.13908  3 

 4  1.29341  3 
 3.75  1.29373  3 
 3.5  1.29437  3 
 3.3  1.29487  3 
 3.2  1.29483  3 
 3.1  1.29442  3 
 3  1.29367  3 
 2.9  1.29267  3 
 2.8  1.29157  3 
 2.7  1.2904  3 
 2.6  1.28896  3 
 2.55  1.28795  3 
 2.5  1.28658  3 
 2.45  1.28479  3 
 2.4  1.28235  3 
 2.35  1.279  3 
 2.3  1.27447  3 
 2.25  1.26856  3 
 2.2  1.26115  3 
 2.15  1.25224  3 
 2.13908  1.25  3 


# Contour 2, label:      2.5
 2.60172  1.75  2.5 
 2.6  1.74827  2.5 
 2.55  1.70526  2.5 
 2.54209  1.7  2.5 
 2.5  1.68131  2.5 
 2.45  1.66656  2.5 
 2.4  1.65979  2.5 
 2.35  1.66143  2.5 
 2.3  1.67187  2.5 
 2.25  1.69095  2.5 
 2.23407  1.7  2.5 
 2.2  1.7216  2.5 
 2.16533  1.75  2.5 
 2.15  1.76417  2.5 
 2.11823  1.8  2.5 
 2.1  1.82251  2.5 
 2.08075  1.85  2.5 
 2.05039  1.9  2.5 
 2.05  1.90099  2.5 
 2.03397  1.95  2.5 
 2.0144  2  2.5 
 2  2.0144  2.5 
 1.95  2.03397  2.5 
 1.90099  2.05  2.5 
 1.9  2.05039  2.5 
 1.85  2.08075  2.5 
 1.82251  2.1  2.5 
 1.8  2.11823  2.5 
 1.76417  2.15  2.5 
 1.75  2.16533  2.5 
 1.7216  2.2  2.5 
 1.7  2.23407  2.5 
 1.69095  2.25  2.5 
 1.67187  2.3  2.5 
 1.66143  2.35  2.5 
 1.65979  2.4  2.5 
 1.66656  2.45  2.5 
 1.68131  2.5  2.5 
 1.7  2.54209  2.5 
 1.70526  2.55  2.5 
 1.74827  2.6  2.5 
 1.75  2.60172  2.5 
 1.8  2.62571  2.5 
 1.85  2.62826  2.5 
 1.9  2.61843  2.5 
 1.95  2.60393  2.5 
 1.96383  2.6  2.5 
 2  2.58939  2.5 
 2.05  2.5778  2.5 
 2.1  2.56979  2.5 
 2.15  2.56427  2.5 
 2.2  2.55978  2.5 
 2.25  2.55111  2.5 
 2.25645  2.55  2.5 
 2.3  2.54128  2.5 
 2.35  2.52741  2.5 
 2.4  2.50654  2.5 
 2.41113  2.5  2.5 
 2.45  2.47126  2.5 
 2.47126  2.45  2.5 
 2.5  2.41113  2.5 
 2.50654  2.4  2.5 
 2.52741  2.35  2.5 
 2.54128  2.3  2.5 
 2.55  2.25645  2.5 
 2.55111  2.25  2.5 
 2.55978  2.2  2.5 
 2.56427  2.15  2.5 
 2.56979  2.1  2.5 
 2.5778  2.05  2.5 
 2.58939  2  2.5 
 2.6  1.96383  2.5 
 2.60393  1.95  2.5 
 2.61843  1.9  2.5 
 2.62826  1.85  2.5 
 2.62571  1.8  2.5 
 2.60172  1.75  2.5 

 1.36246  4  2.5 
 1.36336  3.75  2.5 
 1.36518  3.5  2.5 
 1.3666  3.3  2.5 
 1.36646  3.2  2.5 
 1.36529  3.1  2.5 
 1.36313  3  2.5 
 1.36024  2.9  2.5 
 1.35701  2.8  2.5 
 1.35356  2.7  2.5 
 1.35  2.61709  2.5 
 1.34959  2.6  2.5 
 1.34816  2.55  2.5 
 1.34651  2.5  2.5 
 1.34424  2.45  2.5 
 1.34086  2.4  2.5 
 1.33588  2.35  2.5 
 1.32884  2.3  2.5 
 1.31937  2.25  2.5 
 1.30728  2.2  2.5 
 1.3  2.1752  2.5 
 1.2955  2.15  2.5 
 1.2852  2.1  2.5 
 1.27382  2.05  2.5 
 1.26173  2  2.5 
 1.25  1.95274  2.5 

 4  1.36246  2.5 
 3.75  1.36336  2.5 
 3.5  1.36518  2.5 
 3.3  1.3666  2.5 
 3.2  1.36646  2.5 
 3.1  1.36529  2.5 
 3  1.36313  2.5 
 2.9  1.36024  2.5 
 2.8  1.35701  2.5 
 2.7  1.35356  2.5 
 2.61709  1.35  2.5 
 2.6  1.34959  2.5 
 2.55  1.34816  2.5 
 2.5  1.34651  2.5 
 2.45  1.34424  2.5 
 2.4  1.34086  2.5 
 2.35  1.33588  2.5 
 2.3  1.32884  2.5 
 2.25  1.31937  2.5 
 2.2  1.30728  2.5 
 2.1752  1.3  2.5 
 2.15  1.2955  2.5 
 2.1  1.2852  2.5 
 2.05  1.27382  2.5 
 2  1.26173  2.5 
 1.95274  1.25  2.5 


# Contour 3, label:        2
 1.29122  1.25  2 
 1.25  1.29089  2 

 1.77863  1.25  2 
 1.8  1.25509  2 
 1.85  1.26717  2 
 1.9  1.27956  2 
 1.95  1.29215  2 
 1.98128  1.3  2 
 2  1.30778  2 
 2.05  1.32792  2 
 2.1  1.34681  2 
 2.10939  1.35  2 
 2.15  1.378  2 
 2.18751  1.4  2 
 2.2  1.4295  2 
 2.21099  1.45  2 
 2.2  1.46884  2 
 2.18484  1.5  2 
 2.15  1.53211  2 
 2.13304  1.55  2 
 2.1  1.57737  2 
 2.07504  1.6  2 
 2.05  1.62239  2 
 2.02067  1.65  2 
 2  1.67184  2 
 1.97406  1.7  2 
 1.95  1.7312  2 
 1.93594  1.75  2 
 1.909  1.8  2 
 1.9  1.81716  2 
 1.88198  1.85  2 
 1.85  1.88198  2 
 1.81716  1.9  2 
 1.8  1.909  2 
 1.75  1.93594  2 
 1.7312  1.95  2 
 1.7  1.97406  2 
 1.67184  2  2 
 1.65  2.02067  2 
 1.62239  2.05  2 
 1.6  2.07504  2 
 1.57737  2.1  2 
 1.55  2.13304  2 
 1.53211  2.15  2 
 1.5  2.18484  2 
 1.46884  2.2  2 
 1.45  2.21099  2 
 1.4295  2.2  2 
 1.4  2.18751  2 
 1.378  2.15  2 
 1.35  2.10939  2 
 1.34681  2.1  2 
 1.32792  2.05  2 
 1.30778  2  2 
 1.3  1.98128  2 
 1.29215  1.95  2 
 1.27956  1.9  2 
 1.26717  1.85  2 
 1.25509  1.8  2 
 1.25  1.77863  2 

 4  2.06148  2 
 3.81902  2.05  2 
 3.75  2.04406  2 
 3.5  2.03274  2 
 3.3  2.03214  2 
 3.2  2.03979  2 
 3.16842  2.05  2 
 3.1  2.08957  2 
 3.08814  2.1  2 
 3.05891  2.15  2 
 3.04761  2.2  2 
 3.04705  2.25  2 
 3.04772  2.3  2 
 3.05298  2.35  2 
 3.06098  2.4  2 
 3.06736  2.45  2 
 3.07203  2.5  2 
 3.07458  2.55  2 
 3.075  2.6  2 
 3.06772  2.7  2 
 3.0461  2.8  2 
 3.00028  2.9  2 
 3  2.9004  2 
 2.9004  3  2 
 2.9  3.00028  2 
 2.8  3.0461  2 
 2.7  3.06772  2 
 2.6  3.075  2 
 2.55  3.07456  2 
 2.5  3.07203  2 
 2.45  3.06736  2 
 2.4  3.06098  2 
 2.35  3.05298  2 
 2.3  3.04772  2 
 2.25  3.04705  2 
 2.2  3.04735  2 
 2.15  3.05891  2 
 2.1  3.08814  2 
 2.08957  3.1  2 
 2.05  3.16842  2 
 2.03979  3.2  2 
 2.03214  3.3  2 
 2.03275  3.5  2 
 2.04406  3.75  2 
 2.05  3.81902  2 
 2.06148  4  2 


# Contour 4, label:      1.5
 1.35463  1.25  1.5 
 1.35  1.25156  1.5 
 1.3  1.2832  1.5 
 1.28307  1.3  1.5 
 1.25156  1.35  1.5 
 1.25  1.35463  1.5 

 1.60296  1.25  1.5 
 1.65  1.26113  1.5 
 1.7  1.27309  1.5 
 1.75  1.28507  1.5 
 1.8  1.29719  1.5 
 1.81141  1.3  1.5 
 1.85  1.31573  1.5 
 1.9  1.33655  1.5 
 1.93192  1.35  1.5 
 1.95  1.36571  1.5 
 1.98986  1.4  1.5 
 2  1.44083  1.5 
 2.00239  1.45  1.5 
 2  1.45591  1.5 
 1.98281  1.5  1.5 
 1.95  1.54078  1.5 
 1.94263  1.55  1.5 
 1.9  1.5918  1.5 
 1.8915  1.6  1.5 
 1.85  1.63866  1.5 
 1.83752  1.65  1.5 
 1.8  1.68889  1.5 
 1.79007  1.7  1.5 
 1.75  1.75  1.5 
 1.7  1.79007  1.5 
 1.68889  1.8  1.5 
 1.65  1.83752  1.5 
 1.63866  1.85  1.5 
 1.6  1.8915  1.5 
 1.5918  1.9  1.5 
 1.55  1.94263  1.5 
 1.54078  1.95  1.5 
 1.5  1.98281  1.5 
 1.45591  2  1.5 
 1.45  2.00239  1.5 
 1.44083  2  1.5 
 1.4  1.98986  1.5 
 1.36571  1.95  1.5 
 1.35  1.93192  1.5 
 1.33655  1.9  1.5 
 1.31573  1.85  1.5 
 1.3  1.81141  1.5 
 1.29719  1.8  1.5 
 1.28507  1.75  1.5 
 1.27309  1.7  1.5 
 1.26113  1.65  1.5 
 1.25  1.60296  1.5 


# Contour 5, label:        1
 1.82387  1.4  1 
 1.8  1.37964  1 
 1.76464  1.35  1 
 1.75  1.34404  1 
 1.7  1.324  1 
 1.65  1.30452  1 
 1.63808  1.3  1 
 1.6  1.29101  1 
 1.55  1.28048  1 
 1.5  1.27309  1 
 1.45  1.27097  1 
 1.4  1.27683  1 
 1.35  1.29378  1 
 1.34014  1.3  1 
 1.3  1.34014  1 
 1.29378  1.35  1 
 1.27683  1.4  1 
 1.27097  1.45  1 
 1.27309  1.5  1 
 1.28048  1.55  1 
 1.29101  1.6  1 
 1.3  1.63808  1 
 1.30452  1.65  1 
 1.324  1.7  1 
 1.34404  1.75  1 
 1.35  1.76464  1 
 1.37964  1.8  1 
 1.4  1.82387  1 
 1.45  1.83629  1 
 1.5  1.8166  1 
 1.52047  1.8  1 
 1.55  1.77631  1 
 1.5754  1.75  1 
 1.6  1.72596  1 
 1.62744  1.7  1 
 1.65  1.67087  1 
 1.67087  1.65  1 
 1.7  1.62744  1 
 1.72596  1.6  1 
 1.75  1.5754  1 
 1.77631  1.55  1 
 1.8  1.52047  1 
 1.8166  1.5  1 
 1.83629  1.45  1 
 1.82387  1.4  1 


# Contour 6, label:      0.5
 1.65931  1.4  0.5 
 1.65  1.39247  0.5 
 1.6  1.35439  0.5 
 1.59322  1.35  0.5 
 1.55  1.33551  0.5 
 1.5  1.32379  0.5 
 1.45  1.32056  0.5 
 1.4  1.32999  0.5 
 1.36287  1.35  0.5 
 1.35  1.36287  0.5 
 1.32999  1.4  0.5 
 1.32056  1.45  0.5 
 1.32379  1.5  0.5 
 1.33551  1.55  0.5 
 1.35  1.59322  0.5 
 1.35439  1.6  0.5 
 1.39247  1.65  0.5 
 1.4  1.65931  0.5 
 1.45  1.67429  0.5 
 1.5  1.65755  0.5 
 1.51065  1.65  0.5 
 1.55  1.62468  0.5 
 1.56702  1.6  0.5 
 1.6  1.56702  0.5 
 1.62468  1.55  0.5 
 1.65  1.51065  0.5 
 1.65755  1.5  0.5 
 1.67429  1.45  0.5 
 1.65931  1.4  0.5 

