 traj, time, etot, rexcmax, rexcfin, vexcfin
     1         307.60     0.25308983     1.64809947     1.62196756    -0.01031699
     2        8845.50     0.19078664     1.67388257     1.63590723    -0.01803871
     3        1879.70     0.21782268     1.64025583     1.52535437    -0.01114700
     4        3001.20     0.20521064     1.60044692     1.46255027    -0.00252630
     5       10000.00     0.20521064     1.60044692     1.50649161    -0.01910185
     6         707.30     0.20985730     1.66447381     1.49071023     0.01498442
     7       10000.00     0.20985730     1.66447381     1.49071023     0.01498442
     8       10000.00     0.18499397     1.55548765     1.46607914    -0.01002858
     9        6298.70     0.18499397     1.55548765     1.50679714     0.02797798
    10         426.60     0.23747786     1.71915983     1.54568049     0.00877299
    11       10000.00     0.19854016     1.62642753     1.51514152     0.02647866
    12         854.00     0.22894412     1.62890255     1.62136673     0.00447192
    13        7290.00     0.19632800     1.59089373     1.57108790    -0.00888771
    14       10000.00     0.19632800     1.58590913     1.51226928     0.02001061
    15       10000.00     0.19632800     1.62337234     1.42649837     0.01600026
    16        1067.20     0.21783271     1.67137781     1.49077116    -0.01723250
    17         841.20     0.23266377     1.60463092     1.54531836     0.02524216
    18         353.00     0.21924941     1.57360211     1.53489782     0.00107078
    19        2123.80     0.20737901     1.59451005     1.55780307     0.00662685
    20       -3650.30     0.22488310     1.58846004     1.50398346     0.00467054
    21         248.20     0.20553009     1.59590633     1.46648504     0.01196705
    22         383.20     0.20629815     1.55782047     1.51131752    -0.00697860
    23       -9996.60     0.20945539     1.57714535     1.52963366     0.00360701
    24         358.00     0.22431389     1.62727707     1.44189195     0.01690753
    25         793.40     0.22264147     1.65669790     1.48470826     0.00585222
    26         420.90     0.22641025     1.61233005     1.46444781    -0.02559564
    27       -8391.40     0.22641025     1.60699493     1.54538698    -0.01546037
    28         267.20     0.21018621     1.59490441     1.46734010    -0.01123736
    29       -6926.30     0.21989820     1.56438079     1.52994057     0.02266625
    30       10000.00     0.18378588     1.54981615     1.53484060    -0.00514666
    31       -7323.30     0.19186492     1.52894889     1.48334861     0.00530934
    32         935.80     0.21647156     1.62270227     1.59942093    -0.00660197
    33        8812.30     0.20461263    19.20359656    19.20359656     8.85907458
    34         407.70     0.23359498     1.62589117     1.54233339     0.02057939
    35         267.10     0.22812417     1.64251506     1.64251506     0.00815462
    36        8283.30     0.22279274     1.58568359     1.55276699    -0.01045348
    37        4156.70     0.21158456     1.63126967     1.63126967     0.01321179
    38        3027.50     0.23628213     1.59473087     1.51601489    -0.00383906
    39         324.50     0.23123478     1.63748318     1.47879393     0.01790627
    40         322.50     0.23123478     1.63748318     1.47879393     0.01790627
    41         530.30     0.23320025     1.57318621     1.53634922     0.00599716
    42         303.90     0.18849138     1.59599281     1.48047229    -0.01720513
    43        2422.40     0.19480782     1.59250058     1.59250058     0.01571551
    44         505.80     0.19727090     1.63214288     1.63214288     0.00717533
    45         637.70     0.20860388     1.65323978     1.56853949     0.00154889
    46        3258.20     0.22179693     1.65121960     1.49319128     0.00480591
    47       10000.00     0.19270273     1.64305949     1.43827608    -0.00920618
    48         215.90     0.24242859     1.63981154     1.50761073     0.00271569
    49        1853.20     0.23201790     1.53648821     1.49079960    -0.00545442
    50        2671.70     0.23201790     1.53648821     1.49327492     0.00123766
    51         293.30     0.23187526     1.55471887     1.49109718     0.02402282
    52         452.40     0.21454889     1.66730831     1.53516691     0.00261153
    53        6598.10     0.21288525     1.67592092     1.60617059    -0.01746149
    54         245.60     0.19940901     1.56071485     1.48733580     0.00672686
    55        2373.50     0.22924918     1.60864911     1.49444220    -0.02024778
    56        1007.50     0.20258450     1.69552746     1.48898718    -0.02533286
    57         350.20     0.25409586     2.49670228     2.49670228     0.01793384
    58         319.50     0.21072674     1.61138609     1.50517010    -0.00305533
    59         659.10     0.24684935     1.58195720     1.58195720     0.00086855
    60         267.90     0.19743780     1.62977964     1.56100033    -0.00876887
    61        2605.00     0.23719517     1.58629268     1.58629268     0.00004975
    62         705.00     0.24341385     1.60054549     1.51261880    -0.01785075
    63        -441.70     0.22470485     1.59444836     1.47099315     0.00560315
    64        2197.90     0.23337160     1.59126983     1.54787963     0.00973719
    65         595.70     0.21977880     1.57160299     1.52867390     0.00622165
    66       10000.00     0.20151197     1.54846043     1.52616936     0.00293398
    67        3153.50     0.22884368     1.57337593     1.39749138    -0.01105759
    68        2298.80     0.22884368     1.57337593     1.39749138    -0.01105759
    69         263.90     0.19221381     1.57821898     1.57538091    -0.00141904
    70         245.00     0.19221381     1.57821898     1.57821898     0.00619632
    71        1949.10     0.22382385     2.12149373     2.12149373     0.00194982
    72         214.00     0.22382385     1.92594112     1.92594112     0.02472926
    73         214.70     0.22382385     1.92594112     1.92594112     0.02472926
    74        3252.80     0.21760621     1.64341711     1.55084064     0.00716535
    75         662.10     0.20091100     1.62224215     1.48789352    -0.00664844
    76        2548.20     0.23570978     1.58244283     1.42721028    -0.01341267
    77        -277.90     0.21483278     1.58603150     1.48483516    -0.01113226
    78         232.60     0.24074089     2.07859744     2.07859744     0.01737404
    79         516.00     0.21142296     1.68804154     1.64281538    -0.00031184
    80         282.80     0.21543561     1.89275787     1.89275787     0.02571715
    81        2591.50     0.23100107     1.62530954     1.50803867     0.00858694
    82        3854.60     0.20303787     1.56052964     1.45282309     0.00599433
    83         652.70     0.20303787     1.56052964     1.45282309     0.00599433
    84         539.30     0.22120328     1.63606044     1.48101310     0.00797211
    85        6889.90     0.22120328     1.63606044     1.46506888     0.00849856
    86        2555.00     0.22861911     1.66546542     1.59791965    -0.01807275
    87        2621.30     0.23665826     1.58254405     1.58254405     0.00407190
    88       -1158.60     0.22718220     1.56152362     1.39273964    -0.00328574
    89       10000.00     0.19060429     1.53593309     1.52348339     0.01287865
    90        4749.60     0.22080121     1.55775045     1.42971119    -0.00525371
    91         340.20     0.18200084     1.57489669     1.55196726    -0.00571754
    92         650.90     0.22587592     1.58235055     1.44189354     0.00529124
    93         274.60     0.21435795     1.60138963     1.55797091     0.00042225
    94        1534.80     0.24465271     1.62873273     1.45577258    -0.00591797
    95        2635.00     0.22387095     1.59187850     1.46335382    -0.02204705
    96        1475.20     0.22967546     1.63228682     1.49821865     0.01796656
    97        2445.50     0.23507464     1.61219398     1.44553595    -0.01020102
    98         263.50     0.18419226     1.63282051     1.59454878    -0.00977888
    99         871.00     0.20309943     1.55366289     1.47726387     0.00622655
   100        2175.30     0.20309943     1.55117335     1.46276804    -0.00463643
   101         502.10     0.22080349     1.58114943     1.51352678    -0.00890765
   102         543.20     0.19053030     1.62793174     1.58063328     0.00529918
   103       10000.00     0.19053030     1.62793174     1.45220896    -0.02103470
   104        8549.40     0.22441223     1.59413612     1.51499057    -0.00316256
   105        5169.90     0.22441223     1.59413612     1.39709542     0.02482948
   106       10000.00     0.19079490     1.65719886     1.39710779    -0.01886575
   107        3769.80     0.18645511     1.55075128     1.47001883    -0.00969403
   108        4623.40     0.21682662     1.65708740     1.59584557    -0.00342068
   109        7254.90     0.22876914     1.55098537     1.41121223    -0.01223387
   110       10000.00     0.15980116     1.60230892     1.60230892     0.00831194
   111         616.40     0.22203603     1.60294886     1.48036190     0.00618670
   112       -3701.10     0.21868727     1.64055613     1.53780020     0.00120369
   113        1850.40     0.22753057     1.61587361     1.48282751    -0.00607920
   114        4747.40     0.20915649     1.59882281     1.45478408    -0.02645060
   115        3121.70     0.24591645     1.59900411     1.55646442     0.01767181
   116        3065.40     0.23954920     1.65663203     1.46997833    -0.00652126
   117       10000.00     0.19874043     1.63005718     1.59258160    -0.01254867
   118         910.20     0.22856549     1.61440204     1.56120381     0.00978489
   119       -5609.90     0.16198126     1.60929298     1.42592489    -0.01743848
   120         817.30     0.19496004     1.58066420     1.57737990     0.00998507
   121         609.90     0.19965206     1.54754340     1.43891408     0.01592134
   122       10000.00     0.20521064     1.60202399     1.48028381     0.00027016
   123        4541.60     0.21429692     1.56137525     1.50778314    -0.01034598
   124        1716.90     0.23340326     1.59389631     1.53624887     0.00160807
   125        2481.60     0.23340326     1.54169221     1.52824420     0.05401322
   126         439.80     0.20779553     1.61574566     1.58726930     0.00883538
   127         346.00     0.24973067     1.61333547     1.46695414     0.00796894
   128         259.00     0.24973067     1.61333547     1.49959299     0.01631942
   129        4349.60     0.23370614     1.70835354     1.45513421    -0.00427933
   130         371.60     0.19667104     1.65419747     1.53259267    -0.00456167
   131         367.60     0.27738562     1.64011944     1.64011944     0.02711623
   132         364.10     0.27738562     1.64011944     1.64011944     0.02711623
   133        8975.80     0.18952829     1.57956892     1.53861564     0.01179765
   134        3242.70     0.19823283     1.63301384     1.45332367    -0.00247549
   135        5797.30     0.24077520     1.62927663     1.58124208    -0.00421902
   136         435.40     0.23563223     1.60355897     1.44041699     0.00933866
   137        1644.20     0.23563223     1.54616608     1.40093595    -0.00518137
   138         365.90     0.23563223     1.60355897     1.46645837     0.01411833
   139       10000.00     0.20146733     1.59461197     1.52479402     0.00637486
   140         305.20     0.25710762     1.68663341     1.49897231    -0.01490221
   141         385.30     0.25954222     1.67360283     1.40454976    -0.03387342
   142       -7136.30     0.18984183     1.56532437     1.46228395     0.00377323
   143         946.90     0.19854140     1.59868677     1.53284614     0.01231601
   144       10000.00     0.19886883     1.58960485     1.58042180    -0.00363051
   145       10000.00     0.19027399     1.56685859     1.48676915     0.01820945
   146         598.20     0.22436975     1.55259320     1.39246989    -0.01783095
   147         375.30     0.23394386     1.67763021     1.52451167    -0.00944613
   148         369.50     0.23394386     1.67763021     1.52451167    -0.00944613
   149         375.30     0.23394386     1.67763021     1.52451167    -0.00944613
   150         850.00     0.24196778     1.60797923     1.58441562    -0.00253836
   151         945.80     0.19404946     1.57268191     1.46913522    -0.01221504
   152        3011.80     0.23016793     1.57694821     1.55037954     0.00806759
   153         207.20     0.22895589     1.60906571     1.44098210     0.01337691
   154       -2846.20     0.21161799     1.63501104     1.52314963    -0.00174511
   155       -4128.30     0.24308920     1.61438489     1.51948204    -0.00829714
   156        1606.50     0.21995307     1.59602629     1.48184082    -0.00856381
   157         313.70     0.21303974     1.67743870     1.66750337    -0.00496767
   158       -3812.10     0.21102369     1.79824899     1.53951913    -0.02167781
   159         468.90     0.22260973     1.56839728     1.50938189     0.01024873
   160        2201.20     0.23586067     1.55172652     1.51181806    -0.00650570
   161       -1545.70     0.20860343     1.61519180     1.42888811    -0.00372859
   162        4159.60     0.23897829     1.55037794     1.49522250    -0.00796689
   163        1373.10     0.23799970     1.58998397     1.51264707     0.00119641
   164       -5478.90     0.20165867     1.58669725     1.48814542    -0.00464772
   165        1876.20     0.23285054     1.65212122     1.62407600    -0.01063965
   166        2842.00     0.23285054     1.65212122     1.62407600    -0.01063965
   167        2842.00     0.23285054     1.65212122     1.62407600    -0.01063965
   168         422.60     0.19254872     1.57801275     1.52183709     0.02225420
   169         350.60     0.21806300     1.61008073     1.61008073     0.00711594
   170        7518.50     0.19812496     1.54283070     1.50036607    -0.00525970
   171        8460.20     0.19812496     1.54283070     1.52840804    -0.00655900
   172        8922.50     0.20555559     1.63099687     1.54115247    -0.01350273
   173        1786.30     0.20477188     1.58373846     1.55572714    -0.00721927
   174       10000.00     0.22322541     1.59954417     1.56287251    -0.00756312
   175        9148.20     0.22322541     1.70584246     1.56921261    -0.02883901
   176         391.10     0.21834838     1.60248543     1.48378549    -0.00164751
   177         553.10     0.20531104     1.81586027     1.81586027     0.00563375
   178        4768.50     0.20511917     1.62478569     1.49315849    -0.00126940
   179         412.80     0.23254947     1.60522869     1.54256585     0.00227829
   180        1812.00     0.22591632     1.56075948     1.47079331    -0.01642143
   181        9634.60     0.20626564     1.55904190     1.54035841    -0.00188665
   182       -6017.20     0.20141002     1.64346530     1.47288983    -0.00715576
   183       -5968.40     0.22338639     1.69296846     1.43558735    -0.02454426
   184         750.60     0.20148878     1.68745697     1.52124191     0.02941340
   185         542.00     0.18476585     1.64743551     1.55125120    -0.01330912
   186         832.20     0.20974076     1.62746106     1.47865585     0.00560677
   187        6183.70     0.22482234     1.64201308     1.61189986     0.01380240
   188        8776.20     0.20758030     1.60136618     1.50319634     0.01565915
   189       10000.00     0.19454654     1.53996210     1.51518603     0.00408745
   190       10000.00     0.21499021     1.69935518     1.49721139     0.00010901
   191         383.60     0.21499021     1.66252366     1.57318242    -0.01521893
   192        2347.80     0.21298017     1.65579310     1.41415109     0.01078675
   193       -3850.70     0.21298017     1.65579310     1.41049560    -0.00468372
   194        4956.30     0.21298017     1.67981478     1.42821252    -0.01906489
   195         333.40     0.19729653     1.57400731     1.57352871     0.01493532
   196         476.00     0.27673272     1.61385362     1.57788642     0.02821442
   197         361.60     0.22576573     1.66450214     1.47698988     0.00153800
   198         429.80     0.26091455     1.63045232     1.45198558    -0.00658240
   199        1086.90     0.26091455     1.63045232     1.61945095    -0.00340232
   200        1407.70     0.26091455     1.63045232     1.62625559    -0.00209836
   201         243.70     0.23513288     1.60980318     1.50638647    -0.00025542
   202        2400.30     0.24495984     1.61094044     1.57368216    -0.00831907
   203        5390.30     0.20664902     1.60118660     1.49542628    -0.01136729
   204       10000.00     0.20664902     1.60118660     1.56074448     0.01227539
   205        1437.60     0.22291963     1.67307633     1.64239070    -0.01283877
   206       -4220.40     0.23482989     1.59026588     1.56674084    -0.00556182
   207        3109.50     0.23482989     1.59026588     1.56674084    -0.00556182
   208       10000.00     0.21386993     1.58986302     1.57936457    -0.00225173
   209       10000.00     0.21386993     1.58986302     1.57936457    -0.00225173
   210        2455.70     0.25111882     1.61863449     1.42980101    -0.01279496
   211         273.40     0.25111882     1.61863449     1.55453287     0.00738532
   212        2919.60     0.23324699     1.61824574     1.54640248     0.01161557
   213       -2186.30     0.21087955     1.58581211     1.57492288    -0.00544461
   214        3995.30     0.20030250     1.57860969     1.50637683     0.01026840
   215        1258.80     0.22423240     1.69795944     1.57607365    -0.01187856
   216         937.60     0.19234329     1.62194745     1.47371319     0.00935674
   217       10000.00     0.17308742     1.59997781     1.54097579    -0.00903432
   218         657.20     0.23607554     1.75380633     1.46433735    -0.00791502
   219        6579.90     0.21056991     1.61639017     1.43478093    -0.09080462
   220        6535.00     0.23947949     1.69776352     1.56583567    -0.01100893
   221       10000.00     0.19529396     1.59398312     1.59398312     0.02219108
   222        9547.70     0.21901857     1.56359868     1.50937368    -0.00221620
   223         374.30     0.26376393     1.67831412     1.67831412     0.01373298
   224         898.30     0.20971264     1.66937502     1.49490995     0.01123188
   225       -1818.50     0.23463393     1.70155998     1.46894658     0.01717385
   226        3072.50     0.20370862     1.58373635     1.51077422     0.02056706
   227        8622.20     0.20370862     1.65238265     1.50719304     0.01248677
   228        4835.10     0.23715675     1.57494335     1.46583022     0.00102619
   229         247.70     0.20214314     1.63188606     1.49580637     0.00328045
   230       -2196.70     0.26281305     1.58706099     1.52935542     0.04843480
   231        7211.90     0.20001693     1.60473658     1.42598384    -0.01548118
   232        8601.10     0.20001693     1.60473658     1.42598384    -0.01548118
   233         538.50     0.18998590     1.59245586     1.43829581     0.00506119
   234       10000.00     0.18649221     1.61021947     1.59814417    -0.00603765
   235        1119.70     0.22141653     1.60727381     1.56483261     0.01047489
   236       -1677.40     0.18955818     1.60662255     1.53702076    -0.01097124
   237         382.20     0.21597162     1.64366401     1.53211890     0.01096364
   238       10000.00     0.19060476     1.64004500     1.64004500     0.00475327
   239        3794.20     0.21449790     1.64546548     1.55678671    -0.00211425
   240        2316.60     0.21809790     1.58804429     1.52236053     0.00970027
   241       10000.00     0.21909141     1.63068690     1.63068690     0.00345471
   242         395.70     0.21888061     1.62623672     1.52881374    -0.00781211
   243         301.60     0.21888061     1.61092903     1.50191364    -0.02234594
   244        2921.40     0.21888061     1.61092903     1.52213157     0.02191275
   245         334.90     0.21444196     1.60081938     1.49335045     0.00637605
   246         975.30     0.22149531     1.54052529     1.51474995    -0.00839813
   247        1339.60     0.22149531     1.54052529     1.51474995    -0.00839813
   248         466.60     0.22139782     1.58889137     1.50976910     0.00004227
   249        6704.70     0.19828683     1.62019588     1.47165449     0.00290858
   250         420.10     0.24864202     1.64444280     1.50273260     0.00670844
   251        5424.30     0.20387372     1.54307267     1.46130172    -0.00478334
   252        8613.90     0.21314722     1.63295381     1.50441273    -0.01385232
   253       10000.00     0.20606713     1.81420960     1.77741085    -0.01544737
   254       10000.00     0.19120519     1.56861828     1.56402683    -0.00229572
   255        2027.30     0.23284712     1.64806694     1.58982283    -0.02233886
   256       -4451.10     0.23284712     1.64806694     1.58982283    -0.02233886
   257        1024.60     0.23284712     1.64806694     1.58982283    -0.02233886
   258        7242.60     0.20846202     1.58193866     1.58193866     0.03490834
   259         299.20     0.20846202     1.60038380     1.42651991    -0.02623896
   260         350.30     0.24190098     1.67125650     1.43887706    -0.00003841
   261         423.30     0.24190098     1.67125650     1.45029966    -0.00825926
   262         384.00     0.22129735     1.58595246     1.56033116    -0.00691538
   263         925.80     0.19751603     1.59041294     1.43266834    -0.00591672
   264       10000.00     0.19751603     1.59041294     1.56747392     0.00453635
   265         254.70     0.22237493     1.58403537     1.45039925     0.00904187
   266         504.00     0.22234959     1.58118329     1.53256931     0.01169092
   267         512.20     0.22234959     1.60694627     1.49052272     0.02447814
   268         364.00     0.22675063     1.63773370     1.62451414    -0.00569735
   269         824.30     0.22675063     1.60940111     1.54003797    -0.01641537
   270         780.50     0.18485023     1.56104952     1.46820840    -0.01475611
   271        8718.80     0.18993253     1.54203233     1.49566134     0.02221410
   272       10000.00     0.20329862     1.55296512     1.45801399    -0.02068460
   273        5440.10     0.24156721     1.62073348     1.44334473     0.00489352
   274        1152.00     0.20980716     1.61338631     1.52402045     0.03215422
   275       10000.00     0.20558152     1.60622552     1.50899505     0.01096799
   276       -1993.80     0.21310306     1.69012240     1.65769636    -0.00649080
   277       10000.00     0.20347805     1.57313316     1.51638839     0.01055203
   278        8072.70     0.20435555     1.70015424     1.51095965     0.01027008
   279         542.80     0.21684884     1.70427612     1.47335204     0.00914610
   280        6520.10     0.19511288     1.61478006     1.56439039    -0.00440240
   281       10000.00     0.21341915     1.59117362     1.52385091     0.01887768
   282        5979.80     0.19945156     1.53674133     1.47224264    -0.01235411
   283         426.80     0.24756495     1.67347346     1.56583678     0.00755019
   284         578.60     0.23280039     1.59712611     1.42301826    -0.00339109
   285         530.30     0.21403407     1.63426852     1.63426852     0.00988091
   286        4521.10     0.21403407     1.63762571     1.47167528    -0.00556184
   287        1089.40     0.24046251     1.59881001     1.46580580     0.00758061
   288       10000.00     0.20380762     1.61651831     1.43208708     0.00164013
   289        5584.30     0.21176153     1.54394515     1.41123401    -0.00986315
   290         524.40     0.22463715     1.62298154     1.47047925    -0.02743169
   291        5907.40     0.22463715     1.64070818     1.59394512     0.00110145
   292       10000.00     0.19097546     1.59907716     1.56906632    -0.00912875
   293        1699.20     0.23784864     1.53562400     1.42235575     0.01855253
   294         452.60     0.20931732     1.74991667     1.53793285     0.00012144
   295        2245.80     0.21600834     1.62051452     1.47452292    -0.01623911
   296         449.70     0.21467414     1.62177077     1.50873391     0.00869256
   297        4141.70     0.20477224     1.60857156     1.60857156     0.00763266
   298        1044.80     0.23389710     1.58301280     1.54222562    -0.00818582
   299         405.20     0.23389710     1.58301280     1.54222562    -0.00818582
   300       10000.00     0.24277472     1.60133413     1.47549335    -0.02631588
   301        1454.20     0.19257251     1.63947442     1.63947442     0.00182310
   302        7643.50     0.21313799     1.54642147     1.46528589     0.00673014
   303        1349.70     0.21313799     1.62188058     1.48585048     0.00230677
   304       10000.00     0.18480529     1.55073683     1.49810092     0.00198211
   305       10000.00     0.20668372     1.61787176     1.46193414     0.00140668
   306         669.90     0.23017583     1.69387415     1.44532081    -0.00981322
   307         907.40     0.22914220     1.61246058     1.49242445    -0.00240382
   308       10000.00     0.19124684     1.56778614     1.50761765    -0.00521139
   309        6492.70     0.21866695     1.67840896     1.38729553    -0.03109927
   310         473.80     0.26464580     1.78182856     1.49206641     0.00437075
   311        4821.70     0.19310408     1.62128144     1.49570599    -0.00697693
   312        8956.30     0.19524014     1.61557374     1.61557374     0.00831327
   313       10000.00     0.20587313     1.56883922     1.51021317     0.00692422
   314         371.00     0.24070235     1.72003789     1.48202503     0.02174589
   315       10000.00     0.20703395     1.60406458     1.60406458     0.01452397
   316        3408.10     0.23083734     1.64414705     1.48189847    -0.00832588
   317         789.60     0.23718452     1.72664331     1.56018830    -0.00094798
   318        6430.90     0.19029350     1.60813600     1.48023330    -0.00318612
   319       10000.00     0.18602211     1.58072366     1.49075814     0.00155479
   320         428.00     0.21489107     1.57232583     1.44987318    -0.01683552
   321         226.30     0.20410037     1.59028180     1.48922352    -0.00631709
   322         668.20     0.22913363     1.57291140     1.45635218    -0.00874450
   323       10000.00     0.18889806     1.64541541     1.47440485    -0.00499179
   324         662.70     0.26126950     1.54280500     1.53853207     0.00214019
   325         906.40     0.23015324     1.92787398     1.92749181    -0.00019109
   326        7520.80     0.20679292     1.64802010     1.44021750     0.00213454
   327        6655.60     0.19446574     1.60022441     1.49654206    -0.02584764
   328       10000.00     0.19701133     1.56408343     1.46511974    -0.00046698
   329       10000.00     0.19667454     1.58608552     1.47025986     0.00869365
   330         411.40     0.21150526     1.60820686     1.42364214    -0.00239562
   331         854.40     0.21150526     1.66202106     1.54365230    -0.02309089
   332         311.50     0.20892327     1.59396944     1.57875012     0.00364903
   333         383.40     0.20728340     1.63209013     1.48154721    -0.00083379
   334        3127.00     0.22206328     1.60731881     1.53921445     0.00278786
   335         762.80     0.22651742     1.54827516     1.46792369    -0.01377654
   336        9536.20     0.19587093     1.54653990     1.48862494    -0.00245726
   337         468.20     0.22820945     1.64752031     1.48034035     0.00999003
   338        4544.80     0.22736735     1.58361408     1.39947219    -0.09207094
   339       10000.00     0.21432585     1.53302945     1.52876508    -0.00213218
   340       10000.00     0.19719868     1.66332765     1.46503786    -0.01055177
   341         511.40     0.24714630     1.58537070     1.51881081     0.00480265
   342        1072.60     0.24714630     1.58537070     1.49204376    -0.00584397
   343       10000.00     0.20659474     1.64980385     1.49967407     0.01827411
   344         296.80     0.23960176     2.18275652     2.16075380     0.00936212
   345         261.40     0.23960176     2.03995863     2.03995863     0.02323009
   346         963.60     0.23960176     1.62107691     1.62107691     0.02561939
   347         366.50     0.19367903     1.57033707     1.57033707     0.01040480
   348         607.90     0.23857301     1.62543279     1.48487330    -0.00936488
   349         408.60     0.23765213     1.62885687     1.62885687     0.01511593
   350         245.40     0.22235836     1.98517111     1.98517111     0.02266565
   351         577.80     0.23774960     1.98373131     1.91693079    -0.01641858
   352         350.60     0.20635770     1.68343905     1.68343905     0.01011926
   353         350.60     0.20635770     1.68343905     1.68343905     0.01011926
   354         955.00     0.21616560     1.56485167     1.48340949    -0.01465484
   355       -2939.40     0.21155790     1.59864746     1.50374002     0.01331012
   356         356.00     0.21155790     1.59864746     1.56246541     0.00298522
   357         399.50     0.21168182     1.62959260     1.55943585     0.01441298
   358         250.30     0.20044072     1.60144787     1.55799494    -0.00792347
   359         261.10     0.21008057     1.70782883     1.58109392     0.01376429
   360       10000.00     0.21287932     1.64398088     1.50727625    -0.01724814
   361        3126.00     0.20527381     1.55803620     1.50159871     0.00658839
   362        -127.20     0.20527381     1.55803620     1.54632649     0.00048848
   363         545.50     0.20527381     1.58677275     1.53615205    -0.00760926
   364         773.60     0.26859101     1.63785542     1.55853191     0.01822576
   365        1688.00     0.20537539    17.56075799    17.56075799     8.05547993
   366         908.60     0.21948284     1.62396043     1.48693976     0.01179446
   367       -2895.70     0.17879423     1.57654119     1.54753658    -0.00848364
   368         692.10     0.24768539     1.56773377     1.44418979    -0.01909686
   369        1262.10     0.20821196     1.59259136     1.42493693    -0.00932068
   370       10000.00     0.18403119     1.54039357     1.51063460     0.00459638
   371         325.50     0.18893159     1.61168062     1.50033288     0.01534488
   372         530.00     0.24459618     1.72729324     1.55928804     0.00023425
   373         722.20     0.28178672     1.62920683     1.62920683     0.01648935
   374         459.50     0.21736683     1.65757076     1.50380186     0.00492609
   375        7956.50     0.22447005     1.68305784     1.45144221    -0.03304387
   376        3271.40     0.21014663     1.61405936     1.53881776     0.01629424
   377         988.50     0.19387317     1.61639492     1.43234182     0.00874596
   378         507.70     0.20631912     1.60284557     1.52086562     0.02321812
   379        7508.00     0.23934651     1.66190827     1.61501158     0.01752774
   380         902.60     0.22118394    13.45820737    13.45820737     6.00236942
   381         240.50     0.24247048     2.28561286     2.26676923    -0.00735575
   382        5492.60     0.24247048     1.67947849     1.67947849     0.02065106
   383         402.40     0.20638230     1.59633271     1.45354364     0.01283909
   384         372.10     0.20638230     1.56290869     1.49116043     0.01181125
   385        8374.60     0.19606769     1.57096205     1.47300284    -0.00691949
   386         281.70     0.24213803     2.30066069     2.30066069     0.39026098
   387         404.00     0.21327690     1.59185291     1.54019066    -0.01708919
   388         461.20     0.16924387     1.52430645     1.52196178     0.00009779
   389       -5348.10     0.26721295     1.72692231     1.71693773    -0.00352191
   390        1590.20     0.23669663     1.62362329     1.48578885    -0.01128545
   391        1470.00     0.21987426     1.62487176     1.57920430     0.00996724
   392         621.50     0.28229992     1.75085282     1.52983597    -0.00399912
   393         424.60     0.28229992     1.75085282     1.53783420     0.00325312
   394         421.30     0.28229992     1.75085282     1.52983597    -0.00399912
   395         461.20     0.28229992     1.76459223     1.57051462     0.01537568
   396       10000.00     0.20608452     1.57456786     1.42237665     0.01071747
   398        4241.70     0.20770697     1.60097452     1.40808649    -0.01278006
   399       10000.00     0.20885394     1.59712678     1.59262280     0.01496760
   400         348.50     0.27249253     1.55864079     1.49212528     0.00677206
   401         810.90     0.27249253     1.55864079     1.49212528     0.00677206
   402        4608.00     0.23744949     1.63015111     1.52032682     0.01182213
   403        8934.10     0.22112667     1.63206243     1.52447625    -0.02377067
   404       10000.00     0.20463372     1.59750777     1.52114085     0.02256497
