
# Surface 0 of 1 surfaces

# Curve title: "'zpe.map.invtors0' using 5:3:8"

# Contour 0, label:    0.004
 180  103.059  0.004 
 175  101.089  0.004 
 174.06  100  0.004 


# Contour 1, label:        0
 180  114.058  0 
 175.121  110  0 
 175  109.936  0 
 171.871  105  0 
 170  102.832  0 
 168.495  100  0 


# Contour 2, label:   -0.004
 180  134.695 -0.004 
 175  133.088 -0.004 
 171.93  130 -0.004 
 171.52  125 -0.004 
 171.501  120 -0.004 
 170.537  115 -0.004 
 170  113.674 -0.004 
 169.089  110 -0.004 
 167.154  105 -0.004 
 165  100.963 -0.004 
 164.621  100 -0.004 


# Contour 3, label:   -0.008
 180  138.475 -0.008 
 175  137.641 -0.008 
 170.024  135 -0.008 
 170  134.975 -0.008 
 167.138  130 -0.008 
 166.93  125 -0.008 
 166.92  120 -0.008 
 166.332  115 -0.008 
 165.096  110 -0.008 
 165  109.752 -0.008 
 163.648  105 -0.008 
 161.675  100 -0.008 


# Contour 4, label:   -0.012
 180  141.597 -0.012 
 175  141.016 -0.012 
 172.186  140 -0.012 
 170  138.895 -0.012 
 165.74  135 -0.012 
 165  133.657 -0.012 
 163.597  130 -0.012 
 163.475  125 -0.012 
 163.47  120 -0.012 
 163.038  115 -0.012 
 162.128  110 -0.012 
 160.71  105 -0.012 
 160  103.205 -0.012 
 158.97  100 -0.012 


# Contour 5, label:   -0.016
 180  144.342 -0.016 
 175  143.807 -0.016 
 170  142.107 -0.016 
 166.606  140 -0.016 
 165  138.546 -0.016 
 162.396  135 -0.016 
 160.619  130 -0.016 
 160.53  125 -0.016 
 160.525  120 -0.016 
 160.095  115 -0.016 
 160  114.478 -0.016 
 159.34  110 -0.016 
 158.193  105 -0.016 
 156.581  100 -0.016 


# Contour 6, label:    -0.02
 0  113.514 -0.02 
 2.48489  115 -0.02 
 5  116.948 -0.02 
 6.21915  120 -0.02 
 7.58381  125 -0.02 
 7.69082  130 -0.02 
 5  133.275 -0.02 
 0.58114  135 -0.02 
 0  135.123 -0.02 

 180  146.796 -0.02 
 175  146.375 -0.02 
 170  145.039 -0.02 
 169.916  145 -0.02 
 165  142.123 -0.02 
 162.697  140 -0.02 
 160  136.18 -0.02 
 159.39  135 -0.02 
 158.087  130 -0.02 
 158.042  125 -0.02 
 158.038  120 -0.02 
 157.69  115 -0.02 
 156.956  110 -0.02 
 155.81  105 -0.02 
 155  102.493 -0.02 
 154.307  100 -0.02 


# Contour 7, label:   -0.024
 1.69964  100 -0.024 
 5  101.41 -0.024 
 7.43864  105 -0.024 
 10  109.781 -0.024 
 10.0602  110 -0.024 
 11.3489  115 -0.024 
 12.2391  120 -0.024 
 12.8694  125 -0.024 
 12.8911  130 -0.024 
 10.55  135 -0.024 
 10  135.617 -0.024 
 5  138.798 -0.024 
 0  139.781 -0.024 

 180  149.159 -0.024 
 175  148.777 -0.024 
 170  147.564 -0.024 
 165  145.289 -0.024 
 164.576  145 -0.024 
 160  140.832 -0.024 
 159.362  140 -0.024 
 156.838  135 -0.024 
 155.673  130 -0.024 
 155.654  125 -0.024 
 155.65  120 -0.024 
 155.304  115 -0.024 
 155  112.928 -0.024 
 154.631  110 -0.024 
 153.645  105 -0.024 
 152.258  100 -0.024 


# Contour 8, label:   -0.028
 13.5584  100 -0.028 
 14.6676  105 -0.028 
 15  107.067 -0.028 
 15.2908  110 -0.028 
 15.8651  115 -0.028 
 16.2844  120 -0.028 
 16.619  125 -0.028 
 16.6144  130 -0.028 
 15.0568  135 -0.028 
 15  135.097 -0.028 
 10.6835  140 -0.028 
 10  140.525 -0.028 
 5  142.704 -0.028 
 0  143.379 -0.028 

 180  151.428 -0.028 
 175  151.106 -0.028 
 170  150.084 -0.028 
 169.761  150 -0.028 
 165  148.047 -0.028 
 160.533  145 -0.028 
 160  144.515 -0.028 
 156.538  140 -0.028 
 155  136.697 -0.028 
 154.384  135 -0.028 
 153.499  130 -0.028 
 153.505  125 -0.028 
 153.503  120 -0.028 
 153.205  115 -0.028 
 152.576  110 -0.028 
 151.592  105 -0.028 
 150.21  100 -0.028 


# Contour 9, label:   -0.032
 18.998  100 -0.032 
 18.8996  105 -0.032 
 19.1039  110 -0.032 
 19.3604  115 -0.032 
 19.5754  120 -0.032 
 19.7996  125 -0.032 
 19.78  130 -0.032 
 18.3957  135 -0.032 
 15.5161  140 -0.032 
 15  140.602 -0.032 
 10  144.382 -0.032 
 8.47671  145 -0.032 
 5  146.145 -0.032 
 0  146.666 -0.032 

 180  153.644 -0.032 
 175  153.358 -0.032 
 170  152.451 -0.032 
 165  150.753 -0.032 
 163.556  150 -0.032 
 160  147.736 -0.032 
 157.155  145 -0.032 
 155  142.046 -0.032 
 153.891  140 -0.032 
 152.183  135 -0.032 
 151.418  130 -0.032 
 151.445  125 -0.032 
 151.445  120 -0.032 
 151.149  115 -0.032 
 150.52  110 -0.032 
 150  107.351 -0.032 
 149.584  105 -0.032 
 148.343  100 -0.032 


# Contour 10, label:   -0.036
 23.0094  100 -0.036 
 22.4068  105 -0.036 
 22.2754  110 -0.036 
 22.256  115 -0.036 
 22.2915  120 -0.036 
 22.4035  125 -0.036 
 22.3871  130 -0.036 
 21.409  135 -0.036 
 20  138.551 -0.036 
 19.2157  140 -0.036 
 15  144.919 -0.036 
 14.8908  145 -0.036 
 10  147.799 -0.036 
 5  149.277 -0.036 
 0  149.735 -0.036 

 180  155.867 -0.036 
 175  155.615 -0.036 
 171.106  155 -0.036 
 170  154.818 -0.036 
 165  153.334 -0.036 
 160  150.828 -0.036 
 158.871  150 -0.036 
 155  146.31 -0.036 
 154.032  145 -0.036 
 151.456  140 -0.036 
 150  135.07 -0.036 
 149.983  135 -0.036 
 149.402  130 -0.036 
 149.446  125 -0.036 
 149.447  120 -0.036 
 149.181  115 -0.036 
 148.615  110 -0.036 
 147.731  105 -0.036 
 146.498  100 -0.036 


# Contour 11, label:    -0.04
 26.3919  100 -0.04 
 25.5636  105 -0.04 
 25.207  110 -0.04 
 25.0145  115 -0.04 
 25  115.874 -0.04 
 24.9224  120 -0.04 
 24.9686  125 -0.04 
 24.9525  130 -0.04 
 24.1212  135 -0.04 
 22.3678  140 -0.04 
 20  144.06 -0.04 
 19.2159  145 -0.04 
 15  148.655 -0.04 
 12.4233  150 -0.04 
 10  151.066 -0.04 
 5  152.268 -0.04 
 0  152.642 -0.04 

 180  158.1 -0.04 
 175  157.884 -0.04 
 170  157.198 -0.04 
 165  155.918 -0.04 
 162.708  155 -0.04 
 160  153.769 -0.04 
 155  150.124 -0.04 
 154.879  150 -0.04 
 151.205  145 -0.04 
 150  142.427 -0.04 
 149.116  140 -0.04 
 147.998  135 -0.04 
 147.524  130 -0.04 
 147.588  125 -0.04 
 147.59  120 -0.04 
 147.325  115 -0.04 
 146.761  110 -0.04 
 145.878  105 -0.04 
 145  101.42 -0.04 
 144.674  100 -0.04 


# Contour 12, label:   -0.044
 29.3439  100 -0.044 
 28.2442  105 -0.044 
 27.6719  110 -0.044 
 27.3385  115 -0.044 
 27.1765  120 -0.044 
 27.1771  125 -0.044 
 27.1741  130 -0.044 
 26.5857  135 -0.044 
 25.3221  140 -0.044 
 25  140.838 -0.044 
 22.8519  145 -0.044 
 20  148.621 -0.044 
 18.3618  150 -0.044 
 15  152.236 -0.044 
 10  154.202 -0.044 
 6.12424  155 -0.044 
 5  155.22 -0.044 
 0  155.539 -0.044 

 180  160.36 -0.044 
 175  160.165 -0.044 
 173.622  160 -0.044 
 170  159.579 -0.044 
 165  158.509 -0.044 
 160  156.712 -0.044 
 156.952  155 -0.044 
 155  153.677 -0.044 
 151.419  150 -0.044 
 150  147.916 -0.044 
 148.536  145 -0.044 
 146.916  140 -0.044 
 146.012  135 -0.044 
 145.647  130 -0.044 
 145.73  125 -0.044 
 145.733  120 -0.044 
 145.47  115 -0.044 
 145  110.832 -0.044 
 144.912  110 -0.044 
 144.087  105 -0.044 
 142.943  100 -0.044 


# Contour 13, label:   -0.048
 31.9321  100 -0.048 
 30.7915  105 -0.048 
 30.119  110 -0.048 
 30  111.382 -0.048 
 29.6624  115 -0.048 
 29.4192  120 -0.048 
 29.3812  125 -0.048 
 29.3892  130 -0.048 
 28.9315  135 -0.048 
 27.9199  140 -0.048 
 26.1591  145 -0.048 
 25  147.22 -0.048 
 22.9434  150 -0.048 
 20  152.86 -0.048 
 16.4502  155 -0.048 
 15  155.744 -0.048 
 10  157.366 -0.048 
 5  158.206 -0.048 
 0  158.467 -0.048 

 180  162.774 -0.048 
 175  162.616 -0.048 
 170  162.115 -0.048 
 165  161.184 -0.048 
 161.08  160 -0.048 
 160  159.656 -0.048 
 155  157.221 -0.048 
 152.162  155 -0.048 
 150  152.762 -0.048 
 148.157  150 -0.048 
 145.984  145 -0.048 
 145  141.251 -0.048 
 144.735  140 -0.048 
 144.089  135 -0.048 
 143.847  130 -0.048 
 143.945  125 -0.048 
 143.948  120 -0.048 
 143.702  115 -0.048 
 143.176  110 -0.048 
 142.351  105 -0.048 
 141.211  100 -0.048 


# Contour 14, label:   -0.052
 34.4162  100 -0.052 
 33.0856  105 -0.052 
 32.2636  110 -0.052 
 31.7555  115 -0.052 
 31.4866  120 -0.052 
 31.4292  125 -0.052 
 31.4536  130 -0.052 
 31.1569  135 -0.052 
 30.4689  140 -0.052 
 30  142.108 -0.052 
 29.1757  145 -0.052 
 26.9167  150 -0.052 
 25  152.794 -0.052 
 22.7104  155 -0.052 
 20  157.027 -0.052 
 15  159.28 -0.052 
 12.2742  160 -0.052 
 10  160.589 -0.052 
 5  161.302 -0.052 
 0  161.524 -0.052 

 180  165.221 -0.052 
 175  165.079 -0.052 
 174.085  165 -0.052 
 170  164.685 -0.052 
 165  163.973 -0.052 
 160  162.785 -0.052 
 155  160.806 -0.052 
 153.619  160 -0.052 
 150  157.408 -0.052 
 147.873  155 -0.052 
 145.034  150 -0.052 
 145  149.912 -0.052 
 143.533  145 -0.052 
 142.677  140 -0.052 
 142.229  135 -0.052 
 142.089  130 -0.052 
 142.205  125 -0.052 
 142.21  120 -0.052 
 141.965  115 -0.052 
 141.439  110 -0.052 
 140.616  105 -0.052 
 140  102.295 -0.052 
 139.495  100 -0.052 


# Contour 15, label:   -0.056
 36.6703  100 -0.056 
 35.3383  105 -0.056 
 35  106.874 -0.056 
 34.4081  110 -0.056 
 33.8093  115 -0.056 
 33.4928  120 -0.056 
 33.4163  125 -0.056 
 33.4606  130 -0.056 
 33.2816  135 -0.056 
 32.8224  140 -0.056 
 31.9854  145 -0.056 
 30.5537  150 -0.056 
 30  151.359 -0.056 
 27.8554  155 -0.056 
 25  158.189 -0.056 
 22.3159  160 -0.056 
 20  161.316 -0.056 
 15  163.069 -0.056 
 10  164.054 -0.056 
 5  164.564 -0.056 
 0  164.723 -0.056 

 180  168.06 -0.056 
 175  167.959 -0.056 
 170  167.641 -0.056 
 165  167.053 -0.056 
 160  166.085 -0.056 
 156.392  165 -0.056 
 155  164.568 -0.056 
 150  162.123 -0.056 
 147.451  160 -0.056 
 145  157.058 -0.056 
 143.874  155 -0.056 
 142.111  150 -0.056 
 141.146  145 -0.056 
 140.619  140 -0.056 
 140.37  135 -0.056 
 140.331  130 -0.056 
 140.466  125 -0.056 
 140.471  120 -0.056 
 140.227  115 -0.056 
 140  112.833 -0.056 
 139.713  110 -0.056 
 138.917  105 -0.056 
 137.818  100 -0.056 


# Contour 16, label:    -0.06
 38.8537  100 -0.06 
 37.3825  105 -0.06 
 36.4098  110 -0.06 
 35.7958  115 -0.06 
 35.4653  120 -0.06 
 35.3787  125 -0.06 
 35.4401  130 -0.06 
 35.3823  135 -0.06 
 35.1655  140 -0.06 
 35  142.097 -0.06 
 34.7173  145 -0.06 
 33.8993  150 -0.06 
 32.437  155 -0.06 
 30  159.53 -0.06 
 29.6003  160 -0.06 
 25  163.884 -0.06 
 22.4934  165 -0.06 
 20  166.042 -0.06 
 15  167.326 -0.06 
 10  168.051 -0.06 
 5  168.428 -0.06 
 0  168.546 -0.06 

 180  171.21 -0.06 
 175  171.129 -0.06 
 170  170.873 -0.06 
 165  170.405 -0.06 
 162.205  170 -0.06 
 160  169.731 -0.06 
 155  168.795 -0.06 
 150  167.185 -0.06 
 146.204  165 -0.06 
 145  164.089 -0.06 
 141.865  160 -0.06 
 140.055  155 -0.06 
 140  154.752 -0.06 
 139.216  150 -0.06 
 138.799  145 -0.06 
 138.609  140 -0.06 
 138.56  135 -0.06 
 138.62  130 -0.06 
 138.769  125 -0.06 
 138.774  120 -0.06 
 138.539  115 -0.06 
 138.034  110 -0.06 
 137.239  105 -0.06 
 136.141  100 -0.06 


# Contour 17, label:   -0.064
 40.9475  100 -0.064 
 40  103.144 -0.064 
 39.4266  105 -0.064 
 38.357  110 -0.064 
 37.6894  115 -0.064 
 37.3359  120 -0.064 
 37.2444  125 -0.064 
 37.3291  130 -0.064 
 37.3815  135 -0.064 
 37.3793  140 -0.064 
 37.304  145 -0.064 
 37.1117  150 -0.064 
 36.7078  155 -0.064 
 35.8532  160 -0.064 
 35  162.752 -0.064 
 33.7853  165 -0.064 
 30  168.807 -0.064 
 27.2663  170 -0.064 
 25  170.976 -0.064 
 20  172.228 -0.064 
 15  172.909 -0.064 
 10  173.295 -0.064 
 5  173.496 -0.064 
 0  173.559 -0.064 

 180  175.08 -0.064 
 175  175.009 -0.064 
 174.787  175 -0.064 
 170  174.909 -0.064 
 165  174.737 -0.064 
 160  174.458 -0.064 
 155  174.013 -0.064 
 150  173.279 -0.064 
 145  171.917 -0.064 
 141.477  170 -0.064 
 140  168.874 -0.064 
 137.524  165 -0.064 
 136.572  160 -0.064 
 136.37  155 -0.064 
 136.392  150 -0.064 
 136.49  145 -0.064 
 136.619  140 -0.064 
 136.762  135 -0.064 
 136.919  130 -0.064 
 137.087  125 -0.064 
 137.093  120 -0.064 
 136.859  115 -0.064 
 136.354  110 -0.064 
 135.56  105 -0.064 
 135  102.446 -0.064 
 134.465  100 -0.064 


# Contour 18, label:   -0.068
 132.793  100 -0.068 
 133.885  105 -0.068 
 134.676  110 -0.068 
 135  113.225 -0.068 
 135.179  115 -0.068 
 135.412  120 -0.068 
 135.405  125 -0.068 
 135.219  130 -0.068 
 135  134.32 -0.068 
 134.964  135 -0.068 
 134.63  140 -0.068 
 134.184  145 -0.068 
 133.574  150 -0.068 
 132.698  155 -0.068 
 131.377  160 -0.068 
 130  163.751 -0.068 
 129.267  165 -0.068 
 125.017  170 -0.068 
 125  170.015 -0.068 
 120  172.652 -0.068 
 115  173.739 -0.068 
 110  174.31 -0.068 
 105  174.646 -0.068 
 100  174.849 -0.068 
 95  174.969 -0.068 
 92.3684  175 -0.068 
 90  175.075 -0.068 
 85  175.091 -0.068 
 81.3333  175 -0.068 
 80  174.987 -0.068 
 75  174.883 -0.068 
 70  174.703 -0.068 
 65  174.41 -0.068 
 60  173.93 -0.068 
 55  173.089 -0.068 
 50  171.374 -0.068 
 47.888  170 -0.068 
 45  167.669 -0.068 
 43.4209  165 -0.068 
 41.6991  160 -0.068 
 40.803  155 -0.068 
 40.2518  150 -0.068 
 40  146.867 -0.068 
 39.8741  145 -0.068 
 39.5932  140 -0.068 
 39.3807  135 -0.068 
 39.218  130 -0.068 
 39.1101  125 -0.068 
 39.2064  120 -0.068 
 39.5829  115 -0.068 
 40  112.075 -0.068 
 40.2873  110 -0.068 
 41.3626  105 -0.068 
 42.9423  100 -0.068 


# Contour 19, label:   -0.072
 131.121  100 -0.072 
 132.213  105 -0.072 
 133.003  110 -0.072 
 133.504  115 -0.072 
 133.735  120 -0.072 
 133.727  125 -0.072 
 133.523  130 -0.072 
 133.172  135 -0.072 
 132.646  140 -0.072 
 131.884  145 -0.072 
 130.761  150 -0.072 
 130  152.532 -0.072 
 129.011  155 -0.072 
 126.128  160 -0.072 
 125  161.531 -0.072 
 120.837  165 -0.072 
 120  165.601 -0.072 
 115  167.923 -0.072 
 110  169.156 -0.072 
 105  169.872 -0.072 
 103.61  170 -0.072 
 100  170.454 -0.072 
 95  170.826 -0.072 
 90  170.995 -0.072 
 85  170.991 -0.072 
 80  170.816 -0.072 
 75  170.444 -0.072 
 71.3636  170 -0.072 
 70  169.877 -0.072 
 65  169.203 -0.072 
 60  168.115 -0.072 
 55  166.233 -0.072 
 52.9366  165 -0.072 
 50  162.983 -0.072 
 47.4396  160 -0.072 
 45  155.508 -0.072 
 44.8078  155 -0.072 
 43.3132  150 -0.072 
 42.3775  145 -0.072 
 41.7584  140 -0.072 
 41.3429  135 -0.072 
 41.0773  130 -0.072 
 40.9499  125 -0.072 
 41.0429  120 -0.072 
 41.4157  115 -0.072 
 42.1259  110 -0.072 
 43.2563  105 -0.072 
 44.9372  100 -0.072 


# Contour 20, label:   -0.076
 129.434  100 -0.076 
 130  102.527 -0.076 
 130.54  105 -0.076 
 131.329  110 -0.076 
 131.829  115 -0.076 
 132.06  120 -0.076 
 132.05  125 -0.076 
 131.829  130 -0.076 
 131.379  135 -0.076 
 130.663  140 -0.076 
 130  143.241 -0.076 
 129.572  145 -0.076 
 127.895  150 -0.076 
 125.26  155 -0.076 
 125  155.405 -0.076 
 120.677  160 -0.076 
 120  160.6 -0.076 
 115  163.646 -0.076 
 111.221  165 -0.076 
 110  165.435 -0.076 
 105  166.654 -0.076 
 100  167.381 -0.076 
 95  167.792 -0.076 
 90  167.973 -0.076 
 85  167.957 -0.076 
 80  167.746 -0.076 
 75  167.313 -0.076 
 70  166.591 -0.076 
 65  165.445 -0.076 
 63.6181  165 -0.076 
 60  163.873 -0.076 
 55  161.324 -0.076 
 53.3075  160 -0.076 
 50  156.722 -0.076 
 48.8279  155 -0.076 
 46.3798  150 -0.076 
 45  145.492 -0.076 
 44.8775  145 -0.076 
 43.9126  140 -0.076 
 43.2884  135 -0.076 
 42.9157  130 -0.076 
 42.7661  125 -0.076 
 42.8544  120 -0.076 
 43.2312  115 -0.076 
 43.9644  110 -0.076 
 45  105.617 -0.076 
 45.1446  105 -0.076 
 46.8155  100 -0.076 


# Contour 21, label:    -0.08
 127.716  100 -0.08 
 128.837  105 -0.08 
 129.647  110 -0.08 
 130  113.448 -0.08 
 130.155  115 -0.08 
 130.385  120 -0.08 
 130.374  125 -0.08 
 130.134  130 -0.08 
 130  131.277 -0.08 
 129.576  135 -0.08 
 128.644  140 -0.08 
 127.21  145 -0.08 
 125.01  150 -0.08 
 125  150.019 -0.08 
 121.322  155 -0.08 
 120  156.381 -0.08 
 115  159.918 -0.08 
 114.84  160 -0.08 
 110  162.305 -0.08 
 105  163.732 -0.08 
 100  164.565 -0.08 
 95.3228  165 -0.08 
 95  165.035 -0.08 
 90  165.281 -0.08 
 85  165.25 -0.08 
 80.8725  165 -0.08 
 80  164.956 -0.08 
 75  164.456 -0.08 
 70  163.629 -0.08 
 65  162.327 -0.08 
 60  160.241 -0.08 
 59.5765  160 -0.08 
 55  157.035 -0.08 
 52.9527  155 -0.08 
 50  151.004 -0.08 
 49.453  150 -0.08 
 47.3873  145 -0.08 
 46.0714  140 -0.08 
 45.235  135 -0.08 
 45  132.633 -0.08 
 44.7541  130 -0.08 
 44.5823  125 -0.08 
 44.6658  120 -0.08 
 45  115.612 -0.08 
 45.0466  115 -0.08 
 45.7891  110 -0.08 
 46.9685  105 -0.08 
 48.6901  100 -0.08 


# Contour 22, label:   -0.084
 125.998  100 -0.084 
 127.119  105 -0.084 
 127.929  110 -0.084 
 128.44  115 -0.084 
 128.674  120 -0.084 
 128.662  125 -0.084 
 128.397  130 -0.084 
 127.736  135 -0.084 
 126.607  140 -0.084 
 125  144.623 -0.084 
 124.839  145 -0.084 
 121.959  150 -0.084 
 120  152.455 -0.084 
 117.146  155 -0.084 
 115  156.64 -0.084 
 110  159.317 -0.084 
 108.188  160 -0.084 
 105  161.124 -0.084 
 100  162.214 -0.084 
 95  162.803 -0.084 
 90  163.048 -0.084 
 85  163.006 -0.084 
 80  162.682 -0.084 
 75  162.036 -0.084 
 70  160.971 -0.084 
 66.944  160 -0.084 
 65  159.369 -0.084 
 60  156.974 -0.084 
 57.2758  155 -0.084 
 55  152.974 -0.084 
 52.6195  150 -0.084 
 50  145.236 -0.084 
 49.8977  145 -0.084 
 48.2347  140 -0.084 
 47.1893  135 -0.084 
 46.6002  130 -0.084 
 46.4054  125 -0.084 
 46.4838  120 -0.084 
 46.8562  115 -0.084 
 47.596  110 -0.084 
 48.7925  105 -0.084 
 50  101.564 -0.084 
 50.553  100 -0.084 


# Contour 23, label:   -0.088
 124.238  100 -0.088 
 125  103.209 -0.088 
 125.401  105 -0.088 
 126.21  110 -0.088 
 126.721  115 -0.088 
 126.954  120 -0.088 
 126.941  125 -0.088 
 126.657  130 -0.088 
 125.895  135 -0.088 
 125  138.487 -0.088 
 124.545  140 -0.088 
 122.338  145 -0.088 
 120  148.615 -0.088 
 118.804  150 -0.088 
 115  153.476 -0.088 
 112.615  155 -0.088 
 110  156.528 -0.088 
 105  158.624 -0.088 
 100  159.876 -0.088 
 99.0777  160 -0.088 
 95  160.578 -0.088 
 90  160.868 -0.088 
 85  160.809 -0.088 
 80  160.409 -0.088 
 77.3429  160 -0.088 
 75  159.655 -0.088 
 70  158.487 -0.088 
 65  156.655 -0.088 
 61.953  155 -0.088 
 60  153.777 -0.088 
 55.8663  150 -0.088 
 55  148.958 -0.088 
 52.4971  145 -0.088 
 50.4129  140 -0.088 
 50  138.521 -0.088 
 49.1435  135 -0.088 
 48.4474  130 -0.088 
 48.2305  125 -0.088 
 48.3033  120 -0.088 
 48.6659  115 -0.088 
 49.4028  110 -0.088 
 50  107.528 -0.088 
 50.62  105 -0.088 
 52.3887  100 -0.088 


# Contour 24, label:   -0.092
 122.418  100 -0.092 
 123.605  105 -0.092 
 124.461  110 -0.092 
 125  114.987 -0.092 
 125.001  115 -0.092 
 125.234  120 -0.092 
 125.219  125 -0.092 
 125  128.632 -0.092 
 124.911  130 -0.092 
 123.999  135 -0.092 
 122.387  140 -0.092 
 120  144.722 -0.092 
 119.821  145 -0.092 
 115.466  150 -0.092 
 115  150.426 -0.092 
 110  153.816 -0.092 
 107.622  155 -0.092 
 105  156.205 -0.092 
 100  157.774 -0.092 
 95  158.518 -0.092 
 90  158.815 -0.092 
 85  158.748 -0.092 
 80  158.321 -0.092 
 75  157.48 -0.092 
 70  156.102 -0.092 
 67.2881  155 -0.092 
 65  153.974 -0.092 
 60  150.648 -0.092 
 59.2904  150 -0.092 
 55.1078  145 -0.092 
 55  144.822 -0.092 
 52.6571  140 -0.092 
 51.1389  135 -0.092 
 50.3057  130 -0.092 
 50.0578  125 -0.092 
 50.1276  120 -0.092 
 50.4933  115 -0.092 
 51.2412  110 -0.092 
 52.4544  105 -0.092 
 54.2244  100 -0.092 


# Contour 25, label:   -0.096
 120.598  100 -0.096 
 121.785  105 -0.096 
 122.641  110 -0.096 
 123.179  115 -0.096 
 123.424  120 -0.096 
 123.409  125 -0.096 
 123.067  130 -0.096 
 122.049  135 -0.096 
 120.229  140 -0.096 
 120  140.453 -0.096 
 117.079  145 -0.096 
 115  147.342 -0.096 
 111.735  150 -0.096 
 110  151.197 -0.096 
 105  153.787 -0.096 
 101.947  155 -0.096 
 100  155.672 -0.096 
 95  156.516 -0.096 
 90  156.846 -0.096 
 85  156.765 -0.096 
 80  156.273 -0.096 
 75  155.304 -0.096 
 73.9686  155 -0.096 
 70  153.752 -0.096 
 65  151.345 -0.096 
 63.0397  150 -0.096 
 60  147.425 -0.096 
 57.909  145 -0.096 
 55  140.203 -0.096 
 54.9013  140 -0.096 
 53.1662  135 -0.096 
 52.2221  130 -0.096 
 51.9517  125 -0.096 
 52.0174  120 -0.096 
 52.3707  115 -0.096 
 53.0951  110 -0.096 
 54.2887  105 -0.096 
 55  102.991 -0.096 
 56.0893  100 -0.096 


# Contour 26, label:     -0.1
 118.659  100 -0.1 
 119.962  105 -0.1 
 120  105.202 -0.1 
 120.82  110 -0.1 
 121.357  115 -0.1 
 121.601  120 -0.1 
 121.585  125 -0.1 
 121.223  130 -0.1 
 120.098  135 -0.1 
 120  135.267 -0.1 
 117.884  140 -0.1 
 115  144.172 -0.1 
 114.243  145 -0.1 
 110  148.569 -0.1 
 107.551  150 -0.1 
 105  151.368 -0.1 
 100  153.619 -0.1 
 95  154.523 -0.1 
 90  154.879 -0.1 
 85  154.786 -0.1 
 80  154.238 -0.1 
 75  153.169 -0.1 
 70  151.431 -0.1 
 67.211  150 -0.1 
 65  148.66 -0.1 
 60.7979  145 -0.1 
 60  144.072 -0.1 
 57.3111  140 -0.1 
 55.2086  135 -0.1 
 55  134.124 -0.1 
 54.1386  130 -0.1 
 53.8456  125 -0.1 
 53.9072  120 -0.1 
 54.2481  115 -0.1 
 54.949  110 -0.1 
 55  109.785 -0.1 
 56.1879  105 -0.1 
 57.9756  100 -0.1 


# Contour 27, label:   -0.104
 116.661  100 -0.104 
 117.964  105 -0.104 
 118.902  110 -0.104 
 119.49  115 -0.104 
 119.757  120 -0.104 
 119.737  125 -0.104 
 119.319  130 -0.104 
 117.969  135 -0.104 
 115.517  140 -0.104 
 115  140.748 -0.104 
 111.11  145 -0.104 
 110  145.934 -0.104 
 105  148.972 -0.104 
 103.215  150 -0.104 
 100  151.588 -0.104 
 95  152.558 -0.104 
 90  152.943 -0.104 
 85  152.832 -0.104 
 80  152.224 -0.104 
 75  151.042 -0.104 
 72.1964  150 -0.104 
 70  149.067 -0.104 
 65  145.918 -0.104 
 63.9455  145 -0.104 
 60  140.411 -0.104 
 59.7286  140 -0.104 
 57.393  135 -0.104 
 56.1345  130 -0.104 
 55.7948  125 -0.104 
 55.8565  120 -0.104 
 56.2134  115 -0.104 
 56.94  110 -0.104 
 58.1282  105 -0.104 
 59.8618  100 -0.104 


# Contour 28, label:   -0.108
 114.615  100 -0.108 
 115  101.29 -0.108 
 115.967  105 -0.108 
 116.904  110 -0.108 
 117.491  115 -0.108 
 117.757  120 -0.108 
 117.736  125 -0.108 
 117.296  130 -0.108 
 115.829  135 -0.108 
 115  136.657 -0.108 
 112.885  140 -0.108 
 110  143.114 -0.108 
 107.561  145 -0.108 
 105  146.605 -0.108 
 100  149.522 -0.108 
 97.9042  150 -0.108 
 95  150.593 -0.108 
 90  151.007 -0.108 
 85  150.879 -0.108 
 80  150.21 -0.108 
 79.1521  150 -0.108 
 75  148.849 -0.108 
 70  146.633 -0.108 
 67.4888  145 -0.108 
 65  142.933 -0.108 
 62.4236  140 -0.108 
 60  135.895 -0.108 
 59.5773  135 -0.108 
 58.1953  130 -0.108 
 57.8302  125 -0.108 
 57.8874  120 -0.108 
 58.2375  115 -0.108 
 58.9348  110 -0.108 
 60  105.31 -0.108 
 60.0772  105 -0.108 
 61.9166  100 -0.108 


# Contour 29, label:   -0.112
 112.326  100 -0.112 
 113.819  105 -0.112 
 114.892  110 -0.112 
 115  110.805 -0.112 
 115.492  115 -0.112 
 115.756  120 -0.112 
 115.735  125 -0.112 
 115.272  130 -0.112 
 115  130.9 -0.112 
 113.501  135 -0.112 
 110.179  140 -0.112 
 110  140.193 -0.112 
 105  144.163 -0.112 
 103.834  145 -0.112 
 100  147.324 -0.112 
 95  148.475 -0.112 
 90  148.962 -0.112 
 85  148.821 -0.112 
 80  148.062 -0.112 
 75  146.595 -0.112 
 71.5871  145 -0.112 
 70  144.084 -0.112 
 65.1848  140 -0.112 
 65  139.778 -0.112 
 61.998  135 -0.112 
 60.2901  130 -0.112 
 60  126.735 -0.112 
 59.8657  125 -0.112 
 59.9183  120 -0.112 
 60  118.813 -0.112 
 60.2928  115 -0.112 
 61.05  110 -0.112 
 62.2671  105 -0.112 
 63.9846  100 -0.112 


# Contour 30, label:   -0.116
 110.038  100 -0.116 
 111.53  105 -0.116 
 112.603  110 -0.116 
 113.274  115 -0.116 
 113.576  120 -0.116 
 113.55  125 -0.116 
 112.997  130 -0.116 
 111.055  135 -0.116 
 110  136.579 -0.116 
 106.956  140 -0.116 
 105  141.561 -0.116 
 100.209  145 -0.116 
 100  145.127 -0.116 
 95  146.292 -0.116 
 90  146.801 -0.116 
 85  146.679 -0.116 
 80  145.898 -0.116 
 77.0679  145 -0.116 
 75  144.233 -0.116 
 70  141.298 -0.116 
 68.4694  140 -0.116 
 65  135.835 -0.116 
 64.4754  135 -0.116 
 62.6252  130 -0.116 
 62.1339  125 -0.116 
 62.1805  120 -0.116 
 62.5578  115 -0.116 
 63.3033  110 -0.116 
 64.4569  105 -0.116 
 65  103.362 -0.116 
 66.292  100 -0.116 


# Contour 31, label:    -0.12
 107.273  100 -0.12 
 109.082  105 -0.12 
 110  108.537 -0.12 
 110.314  110 -0.12 
 110.984  115 -0.12 
 111.285  120 -0.12 
 111.26  125 -0.12 
 110.682  130 -0.12 
 110  131.706 -0.12 
 108.324  135 -0.12 
 105  138.692 -0.12 
 103.341  140 -0.12 
 100  142.305 -0.12 
 95  144.015 -0.12 
 90  144.544 -0.12 
 85  144.426 -0.12 
 80  143.487 -0.12 
 75  141.613 -0.12 
 72.3233  140 -0.12 
 70  138.095 -0.12 
 67.38  135 -0.12 
 65  130.106 -0.12 
 64.9603  130 -0.12 
 64.4186  125 -0.12 
 64.4525  120 -0.12 
 64.8228  115 -0.12 
 65  113.797 -0.12 
 65.6556  110 -0.12 
 66.9852  105 -0.12 
 68.8304  100 -0.12 


# Contour 32, label:   -0.124
 104.342  100 -0.124 
 105  101.383 -0.124 
 106.309  105 -0.124 
 107.608  110 -0.124 
 108.42  115 -0.124 
 108.786  120 -0.124 
 108.757  125 -0.124 
 108.034  130 -0.124 
 105.379  135 -0.124 
 105  135.421 -0.124 
 100  139.414 -0.124 
 98.869  140 -0.124 
 95  141.603 -0.124 
 90  141.808 -0.124 
 85  141.769 -0.124 
 80  140.901 -0.124 
 77.6245  140 -0.124 
 75  138.668 -0.124 
 70.5549  135 -0.124 
 70  134.257 -0.124 
 67.8243  130 -0.124 
 67.06  125 -0.124 
 67.0308  120 -0.124 
 67.4551  115 -0.124 
 68.3099  110 -0.124 
 69.6251  105 -0.124 
 70  103.958 -0.124 
 71.796  100 -0.124 


# Contour 33, label:   -0.128
 100.694  100 -0.128 
 103.076  105 -0.128 
 104.785  110 -0.128 
 105  111.008 -0.128 
 105.65  115 -0.128 
 106.021  120 -0.128 
 105.993  125 -0.128 
 105.246  130 -0.128 
 105  130.46 -0.128 
 101.733  135 -0.128 
 100  136.395 -0.128 
 95  139.146 -0.128 
 90  138.662 -0.128 
 85  138.634 -0.128 
 80  137.627 -0.128 
 75  135.206 -0.128 
 74.7504  135 -0.128 
 71.0236  130 -0.128 
 70  126.043 -0.128 
 69.8232  125 -0.128 
 69.7064  120 -0.128 
 70  116.442 -0.128 
 70.1493  115 -0.128 
 71.2167  110 -0.128 
 72.8715  105 -0.128 
 75  100.282 -0.128 
 75.184  100 -0.128 


# Contour 34, label:   -0.132
 95.5533  100 -0.132 
 99.1446  105 -0.132 
 100  106.655 -0.132 
 101.15  110 -0.132 
 102.231  115 -0.132 
 102.731  120 -0.132 
 102.716  125 -0.132 
 101.741  130 -0.132 
 100  132.376 -0.132 
 97.695  135 -0.132 
 95  136.6 -0.132 
 90.5153  135 -0.132 
 90  134.832 -0.132 
 85  134.026 -0.132 
 80  133.192 -0.132 
 75.5191  130 -0.132 
 75  129.204 -0.132 
 73.7833  125 -0.132 
 73.0374  120 -0.132 
 73.505  115 -0.132 
 74.5662  110 -0.132 
 75  108.688 -0.132 
 76.7551  105 -0.132 
 80  100.039 -0.132 
 80.05  100 -0.132 


# Contour 35, label:   -0.136
 96.3021  110 -0.136 
 95  107.505 -0.136 
 92.3449  105 -0.136 
 90  103.403 -0.136 
 85  103.54 -0.136 
 83.1128  105 -0.136 
 80  108.236 -0.136 
 79.1502  110 -0.136 
 77.6205  115 -0.136 
 76.9853  120 -0.136 
 80  124.137 -0.136 
 82.6321  125 -0.136 
 85  125.908 -0.136 
 86.6733  130 -0.136 
 90  132.514 -0.136 
 95  132.975 -0.136 
 97.5768  130 -0.136 
 98.8152  125 -0.136 
 98.7574  120 -0.136 
 97.9658  115 -0.136 
 96.3021  110 -0.136 


# Contour 36, label:    -0.14
 90.6761  115 -0.14 
 90  114.018 -0.14 
 85  113.985 -0.14 
 84.3629  115 -0.14 
 82.9351  120 -0.14 
 85  121.106 -0.14 
 88.5451  125 -0.14 
 89.7422  130 -0.14 
 90  130.195 -0.14 
 90.7799  130 -0.14 
 93.043  125 -0.14 
 92.5385  120 -0.14 
 90.6761  115 -0.14 

