
# Surface 0 of 1 surfaces

# Curve title: "'zpe.map.invtors0' using 5:3:8"

# Contour 0, label:        0
 180  114.058  0 
 175.121  110  0 
 175  109.936  0 
 171.871  105  0 
 170  102.832  0 
 168.495  100  0 


# Contour 1, label:    -0.02
 0  113.514 -0.02 
 2.48489  115 -0.02 
 5  116.948 -0.02 
 6.21915  120 -0.02 
 7.58381  125 -0.02 
 7.69082  130 -0.02 
 5  133.275 -0.02 
 0.58114  135 -0.02 
 0  135.123 -0.02 

 180  146.796 -0.02 
 175  146.375 -0.02 
 170  145.039 -0.02 
 169.916  145 -0.02 
 165  142.123 -0.02 
 162.697  140 -0.02 
 160  136.18 -0.02 
 159.39  135 -0.02 
 158.087  130 -0.02 
 158.042  125 -0.02 
 158.038  120 -0.02 
 157.69  115 -0.02 
 156.956  110 -0.02 
 155.81  105 -0.02 
 155  102.493 -0.02 
 154.307  100 -0.02 


# Contour 2, label:    -0.04
 26.3919  100 -0.04 
 25.5636  105 -0.04 
 25.207  110 -0.04 
 25.0145  115 -0.04 
 25  115.874 -0.04 
 24.9224  120 -0.04 
 24.9686  125 -0.04 
 24.9525  130 -0.04 
 24.1212  135 -0.04 
 22.3678  140 -0.04 
 20  144.06 -0.04 
 19.2159  145 -0.04 
 15  148.655 -0.04 
 12.4233  150 -0.04 
 10  151.066 -0.04 
 5  152.268 -0.04 
 0  152.642 -0.04 

 180  158.1 -0.04 
 175  157.884 -0.04 
 170  157.198 -0.04 
 165  155.918 -0.04 
 162.708  155 -0.04 
 160  153.769 -0.04 
 155  150.124 -0.04 
 154.879  150 -0.04 
 151.205  145 -0.04 
 150  142.427 -0.04 
 149.116  140 -0.04 
 147.998  135 -0.04 
 147.524  130 -0.04 
 147.588  125 -0.04 
 147.59  120 -0.04 
 147.325  115 -0.04 
 146.761  110 -0.04 
 145.878  105 -0.04 
 145  101.42 -0.04 
 144.674  100 -0.04 


# Contour 3, label:    -0.06
 38.8537  100 -0.06 
 37.3825  105 -0.06 
 36.4098  110 -0.06 
 35.7958  115 -0.06 
 35.4653  120 -0.06 
 35.3787  125 -0.06 
 35.4401  130 -0.06 
 35.3823  135 -0.06 
 35.1655  140 -0.06 
 35  142.097 -0.06 
 34.7173  145 -0.06 
 33.8993  150 -0.06 
 32.437  155 -0.06 
 30  159.53 -0.06 
 29.6003  160 -0.06 
 25  163.884 -0.06 
 22.4934  165 -0.06 
 20  166.042 -0.06 
 15  167.326 -0.06 
 10  168.051 -0.06 
 5  168.428 -0.06 
 0  168.546 -0.06 

 180  171.21 -0.06 
 175  171.129 -0.06 
 170  170.873 -0.06 
 165  170.405 -0.06 
 162.205  170 -0.06 
 160  169.731 -0.06 
 155  168.795 -0.06 
 150  167.185 -0.06 
 146.204  165 -0.06 
 145  164.089 -0.06 
 141.865  160 -0.06 
 140.055  155 -0.06 
 140  154.752 -0.06 
 139.216  150 -0.06 
 138.799  145 -0.06 
 138.609  140 -0.06 
 138.56  135 -0.06 
 138.62  130 -0.06 
 138.769  125 -0.06 
 138.774  120 -0.06 
 138.539  115 -0.06 
 138.034  110 -0.06 
 137.239  105 -0.06 
 136.141  100 -0.06 


# Contour 4, label:    -0.08
 127.716  100 -0.08 
 128.837  105 -0.08 
 129.647  110 -0.08 
 130  113.448 -0.08 
 130.155  115 -0.08 
 130.385  120 -0.08 
 130.374  125 -0.08 
 130.134  130 -0.08 
 130  131.277 -0.08 
 129.576  135 -0.08 
 128.644  140 -0.08 
 127.21  145 -0.08 
 125.01  150 -0.08 
 125  150.019 -0.08 
 121.322  155 -0.08 
 120  156.381 -0.08 
 115  159.918 -0.08 
 114.84  160 -0.08 
 110  162.305 -0.08 
 105  163.732 -0.08 
 100  164.565 -0.08 
 95.3228  165 -0.08 
 95  165.035 -0.08 
 90  165.281 -0.08 
 85  165.25 -0.08 
 80.8725  165 -0.08 
 80  164.956 -0.08 
 75  164.456 -0.08 
 70  163.629 -0.08 
 65  162.327 -0.08 
 60  160.241 -0.08 
 59.5765  160 -0.08 
 55  157.035 -0.08 
 52.9527  155 -0.08 
 50  151.004 -0.08 
 49.453  150 -0.08 
 47.3873  145 -0.08 
 46.0714  140 -0.08 
 45.235  135 -0.08 
 45  132.633 -0.08 
 44.7541  130 -0.08 
 44.5823  125 -0.08 
 44.6658  120 -0.08 
 45  115.612 -0.08 
 45.0466  115 -0.08 
 45.7891  110 -0.08 
 46.9685  105 -0.08 
 48.6901  100 -0.08 


# Contour 5, label:     -0.1
 118.659  100 -0.1 
 119.962  105 -0.1 
 120  105.202 -0.1 
 120.82  110 -0.1 
 121.357  115 -0.1 
 121.601  120 -0.1 
 121.585  125 -0.1 
 121.223  130 -0.1 
 120.098  135 -0.1 
 120  135.267 -0.1 
 117.884  140 -0.1 
 115  144.172 -0.1 
 114.243  145 -0.1 
 110  148.569 -0.1 
 107.551  150 -0.1 
 105  151.368 -0.1 
 100  153.619 -0.1 
 95  154.523 -0.1 
 90  154.879 -0.1 
 85  154.786 -0.1 
 80  154.238 -0.1 
 75  153.169 -0.1 
 70  151.431 -0.1 
 67.211  150 -0.1 
 65  148.66 -0.1 
 60.7979  145 -0.1 
 60  144.072 -0.1 
 57.3111  140 -0.1 
 55.2086  135 -0.1 
 55  134.124 -0.1 
 54.1386  130 -0.1 
 53.8456  125 -0.1 
 53.9072  120 -0.1 
 54.2481  115 -0.1 
 54.949  110 -0.1 
 55  109.785 -0.1 
 56.1879  105 -0.1 
 57.9756  100 -0.1 


# Contour 6, label:    -0.12
 107.273  100 -0.12 
 109.082  105 -0.12 
 110  108.537 -0.12 
 110.314  110 -0.12 
 110.984  115 -0.12 
 111.285  120 -0.12 
 111.26  125 -0.12 
 110.682  130 -0.12 
 110  131.706 -0.12 
 108.324  135 -0.12 
 105  138.692 -0.12 
 103.341  140 -0.12 
 100  142.305 -0.12 
 95  144.015 -0.12 
 90  144.544 -0.12 
 85  144.426 -0.12 
 80  143.487 -0.12 
 75  141.613 -0.12 
 72.3233  140 -0.12 
 70  138.095 -0.12 
 67.38  135 -0.12 
 65  130.106 -0.12 
 64.9603  130 -0.12 
 64.4186  125 -0.12 
 64.4525  120 -0.12 
 64.8228  115 -0.12 
 65  113.797 -0.12 
 65.6556  110 -0.12 
 66.9852  105 -0.12 
 68.8304  100 -0.12 


# Contour 7, label:    -0.14
 90.6761  115 -0.14 
 90  114.018 -0.14 
 85  113.985 -0.14 
 84.3629  115 -0.14 
 82.9351  120 -0.14 
 85  121.106 -0.14 
 88.5451  125 -0.14 
 89.7422  130 -0.14 
 90  130.195 -0.14 
 90.7799  130 -0.14 
 93.043  125 -0.14 
 92.5385  120 -0.14 
 90.6761  115 -0.14 

