
# Surface 0 of 1 surfaces

# Curve title: "'risu.map.cnnc.nnc.s1.combi' using 5:3:7"

# Contour 0, label:     3.65
 50.3633  100  3.65 
 50  100.09  3.65 
 45  100.973  3.65 
 40  101.553  3.65 
 35  101.881  3.65 
 30  101.985  3.65 
 25  101.891  3.65 
 20  101.698  3.65 
 15  101.412  3.65 
 10  101.113  3.65 
 5  100.894  3.65 
 0  100.815  3.65 


# Contour 1, label:      3.6
 59.0102  100  3.6 
 55  101.355  3.6 
 50  102.594  3.6 
 45  103.451  3.6 
 40  103.993  3.6 
 35  104.273  3.6 
 30  104.324  3.6 
 25  104.167  3.6 
 20  103.86  3.6 
 15  103.484  3.6 
 10  103.112  3.6 
 5  102.842  3.6 
 0  102.745  3.6 


# Contour 2, label:     3.55
 64.9273  100  3.55 
 60  102.173  3.55 
 55  103.87  3.55 
 50.3988  105  3.55 
 50  105.178  3.55 
 45  106.661  3.55 
 40  107.536  3.55 
 35  107.928  3.55 
 30  107.907  3.55 
 25  107.508  3.55 
 20  106.795  3.55 
 15  105.963  3.55 
 10  105.188  3.55 
 8.29777  105  3.55 
 5  104.79  3.55 
 0  104.676  3.55 

 180  174.363  3.55 
 175  174.427  3.55 
 170  174.607  3.55 
 165  174.874  3.55 
 163.103  175  3.55 
 160  176.422  3.55 
 155  177.758  3.55 
 150  178.467  3.55 
 145  178.885  3.55 
 140  179.148  3.55 
 135  179.32  3.55 
 130  179.435  3.55 
 125  179.51  3.55 
 120  179.559  3.55 
 115  179.586  3.55 
 110  179.599  3.55 
 105  179.598  3.55 
 100  179.588  3.55 
 95  179.57  3.55 
 90  179.546  3.55 
 85  179.516  3.55 
 80  179.48  3.55 
 75  179.44  3.55 
 70  179.394  3.55 
 65  179.344  3.55 
 60  179.292  3.55 
 55  179.242  3.55 
 50  179.199  3.55 
 45  179.172  3.55 
 40  179.163  3.55 
 35  179.174  3.55 
 30  179.202  3.55 
 25  179.241  3.55 
 20  179.283  3.55 
 15  179.322  3.55 
 10  179.353  3.55 
 5  179.373  3.55 
 0  179.38  3.55 


# Contour 3, label:      3.5
 69.4194  100  3.5 
 65  102.431  3.5 
 60  104.679  3.5 
 59.055  105  3.5 
 55  107.586  3.5 
 50  109.736  3.5 
 49.0507  110  3.5 
 45  112.097  3.5 
 40  113.43  3.5 
 35  113.847  3.5 
 30  113.526  3.5 
 25  112.551  3.5 
 20  111.024  3.5 
 17.2438  110  3.5 
 15  109.544  3.5 
 10  108.576  3.5 
 5  107.908  3.5 
 0  107.672  3.5 

 180  170.055  3.5 
 175  170.19  3.5 
 170  170.575  3.5 
 165  171.148  3.5 
 160  171.831  3.5 
 155  172.538  3.5 
 150  173.199  3.5 
 145  173.77  3.5 
 140  174.24  3.5 
 135  174.622  3.5 
 130  174.932  3.5 
 128.688  175  3.5 
 125  175.443  3.5 
 120  175.865  3.5 
 115  176.142  3.5 
 110  176.31  3.5 
 105  176.388  3.5 
 100  176.392  3.5 
 95  176.327  3.5 
 90  176.199  3.5 
 85  176.009  3.5 
 80  175.759  3.5 
 75  175.449  3.5 
 70  175.086  3.5 
 68.8716  175  3.5 
 65  174.752  3.5 
 60  174.367  3.5 
 55  173.927  3.5 
 50  173.492  3.5 
 45  173.17  3.5 
 40  173.07  3.5 
 35  173.225  3.5 
 30  173.517  3.5 
 25  173.815  3.5 
 20  174.066  3.5 
 15  174.259  3.5 
 10  174.393  3.5 
 5  174.472  3.5 
 0  174.498  3.5 


# Contour 4, label:     3.45
 0  111.473  3.45 
 5  111.957  3.45 
 10  113.34  3.45 
 14.1349  115  3.45 
 15  115.562  3.45 
 20  118.981  3.45 
 21.6964  120  3.45 
 25  122.985  3.45 
 27.5728  125  3.45 
 30  127.814  3.45 
 32.1012  130  3.45 
 35  133.72  3.45 
 36.1042  135  3.45 
 39.7754  140  3.45 
 40  140.361  3.45 
 43.2045  145  3.45 
 45  149.427  3.45 
 45.2836  150  3.45 
 46.2017  155  3.45 
 45  158.744  3.45 
 44.6858  160  3.45 
 40  164.324  3.45 
 39.1821  165  3.45 
 35  166.709  3.45 
 30  168.193  3.45 
 25  169.283  3.45 
 20.5405  170  3.45 
 20  170.073  3.45 
 15  170.625  3.45 
 10  170.999  3.45 
 5  171.214  3.45 
 0  171.285  3.45 

 180  167.468  3.45 
 175  167.551  3.45 
 170  167.805  3.45 
 165  168.239  3.45 
 160  168.858  3.45 
 155  169.647  3.45 
 153.079  170  3.45 
 150  170.601  3.45 
 145  171.483  3.45 
 140  172.19  3.45 
 135  172.745  3.45 
 130  173.177  3.45 
 125  173.51  3.45 
 120  173.76  3.45 
 115  173.934  3.45 
 110  174.038  3.45 
 105  174.076  3.45 
 100  174.046  3.45 
 95  173.945  3.45 
 90  173.767  3.45 
 85  173.5  3.45 
 80  173.127  3.45 
 75  172.624  3.45 
 70  171.963  3.45 
 65  171.115  3.45 
 60  170.073  3.45 
 59.644  170  3.45 
 55  167.185  3.45 
 52.4285  165  3.45 
 55  162.533  3.45 
 56.1663  160  3.45 
 60  156.33  3.45 
 60.8069  155  3.45 
 65  150.003  3.45 
 65.002  150  3.45 
 65  149.981  3.45 
 62.6545  145  3.45 
 61.4099  140  3.45 
 60  137.585  3.45 
 58.0977  135  3.45 
 55.3099  130  3.45 
 55  129.268  3.45 
 52.7337  125  3.45 
 52.588  120  3.45 
 54.8441  115  3.45 
 55  114.872  3.45 
 58.7165  110  3.45 
 60  109.192  3.45 
 64.7634  105  3.45 
 65  104.893  3.45 
 70  102.073  3.45 
 73.1816  100  3.45 


# Contour 5, label:      3.4
 0  117.706  3.4 
 5  118.59  3.4 
 7.8546  120  3.4 
 10  121.286  3.4 
 14.2212  125  3.4 
 15  125.738  3.4 
 18.8603  130  3.4 
 20  131.341  3.4 
 23.0432  135  3.4 
 25  137.593  3.4 
 26.8888  140  3.4 
 30  144.862  3.4 
 30.0959  145  3.4 
 32.5481  150  3.4 
 33.2817  155  3.4 
 31.3832  160  3.4 
 30  161.063  3.4 
 25  164.282  3.4 
 23.5128  165  3.4 
 20  165.976  3.4 
 15  166.98  3.4 
 10  167.635  3.4 
 5  168.003  3.4 
 0  168.122  3.4 

 180  164.916  3.4 
 175  164.989  3.4 
 174.747  165  3.4 
 170  165.245  3.4 
 165  165.693  3.4 
 160  166.345  3.4 
 155  167.196  3.4 
 150  168.191  3.4 
 145  169.218  3.4 
 140.817  170  3.4 
 140  170.141  3.4 
 135  170.868  3.4 
 130  171.422  3.4 
 125  171.839  3.4 
 120  172.14  3.4 
 115  172.338  3.4 
 110  172.44  3.4 
 105  172.447  3.4 
 100  172.356  3.4 
 95  172.161  3.4 
 90  171.847  3.4 
 85  171.395  3.4 
 80  170.775  3.4 
 75.283  170  3.4 
 75  169.937  3.4 
 70  168.501  3.4 
 65  166.171  3.4 
 63.1478  165  3.4 
 62.3168  160  3.4 
 64.6656  155  3.4 
 65  154.601  3.4 
 67.6828  150  3.4 
 70  146.625  3.4 
 70.8859  145  3.4 
 70.1434  140  3.4 
 70  139.539  3.4 
 68.8421  135  3.4 
 65.9293  130  3.4 
 65  127.977  3.4 
 63.3737  125  3.4 
 62.033  120  3.4 
 62.3128  115  3.4 
 64.6349  110  3.4 
 65  109.679  3.4 
 69.0346  105  3.4 
 70  104.455  3.4 
 75  101.132  3.4 
 76.5638  100  3.4 


# Contour 6, label:     3.35
 0  126.191  3.35 
 5  127.329  3.35 
 9.01642  130  3.35 
 10  130.664  3.35 
 14.3576  135  3.35 
 15  135.694  3.35 
 18.5133  140  3.35 
 20  142.251  3.35 
 21.8303  145  3.35 
 23.926  150  3.35 
 24.1683  155  3.35 
 20.9022  160  3.35 
 20  160.516  3.35 
 15  162.704  3.35 
 10  164.045  3.35 
 5  164.764  3.35 
 0  164.99  3.35 

 180  162.687  3.35 
 175  162.753  3.35 
 170  162.959  3.35 
 165  163.333  3.35 
 160  163.916  3.35 
 155  164.752  3.35 
 153.868  165  3.35 
 150  165.838  3.35 
 145  166.997  3.35 
 140  168.071  3.35 
 135  168.964  3.35 
 130  169.658  3.35 
 126.725  170  3.35 
 125  170.167  3.35 
 120  170.521  3.35 
 115  170.743  3.35 
 110  170.842  3.35 
 105  170.818  3.35 
 100  170.667  3.35 
 95  170.376  3.35 
 90.7684  170  3.35 
 90  169.924  3.35 
 85  169.241  3.35 
 80  168.233  3.35 
 75  166.729  3.35 
 71.0506  165  3.35 
 70  163.902  3.35 
 67.5014  160  3.35 
 68.1829  155  3.35 
 70  151.032  3.35 
 70.3484  150  3.35 
 73.0141  145  3.35 
 75  141.743  3.35 
 75.9388  140  3.35 
 75  135.1  3.35 
 74.9408  135  3.35 
 71.8157  130  3.35 
 70  126.194  3.35 
 69.3556  125  3.35 
 67.662  120  3.35 
 67.4308  115  3.35 
 68.8989  110  3.35 
 70  108.725  3.35 
 72.5893  105  3.35 
 75  103.383  3.35 
 79.6751  100  3.35 


# Contour 7, label:      3.3
 0  134.188  3.3 
 3.18994  135  3.3 
 5  135.493  3.3 
 10  139.268  3.3 
 10.6812  140  3.3 
 14.3756  145  3.3 
 15  146.583  3.3 
 16.2766  150  3.3 
 15.6042  155  3.3 
 15  155.651  3.3 
 10  159.273  3.3 
 8.05775  160  3.3 
 5  160.614  3.3 
 0  160.942  3.3 

 180  160.459  3.3 
 175  160.517  3.3 
 170  160.702  3.3 
 165  161.043  3.3 
 160  161.582  3.3 
 155  162.367  3.3 
 150  163.432  3.3 
 145  164.75  3.3 
 144.133  165  3.3 
 140  166  3.3 
 135  167.039  3.3 
 130  167.858  3.3 
 125  168.468  3.3 
 120  168.893  3.3 
 115  169.15  3.3 
 110  169.252  3.3 
 105  169.2  3.3 
 100  168.986  3.3 
 95  168.583  3.3 
 90  167.946  3.3 
 85  166.995  3.3 
 80  165.599  3.3 
 78.3488  165  3.3 
 75  162.801  3.3 
 72.2764  160  3.3 
 71.5859  155  3.3 
 72.9171  150  3.3 
 75  145.381  3.3 
 75.1409  145  3.3 
 77.818  140  3.3 
 78.583  135  3.3 
 76.0546  130  3.3 
 75  127.345  3.3 
 73.7104  125  3.3 
 71.9168  120  3.3 
 71.45  115  3.3 
 72.467  110  3.3 
 75  106.359  3.3 
 75.8001  105  3.3 
 80  101.884  3.3 
 82.4709  100  3.3 


# Contour 8, label:     3.25
 0  143.378  3.25 
 4.44403  145  3.25 
 5  145.583  3.25 
 6.70322  150  3.25 
 5  152.63  3.25 
 0  154.889  3.25 

 180  158.18  3.25 
 175  158.232  3.25 
 170  158.399  3.25 
 165  158.713  3.25 
 160  159.222  3.25 
 155  159.982  3.25 
 154.915  160  3.25 
 150  160.997  3.25 
 145  162.283  3.25 
 140  163.731  3.25 
 135.511  165  3.25 
 135  165.113  3.25 
 130  166.057  3.25 
 125  166.766  3.25 
 120  167.261  3.25 
 115  167.56  3.25 
 110  167.671  3.25 
 105  167.593  3.25 
 100  167.31  3.25 
 95  166.788  3.25 
 90  165.967  3.25 
 85.9326  165  3.25 
 85  164.696  3.25 
 80  162.333  3.25 
 76.8973  160  3.25 
 75  155.342  3.25 
 74.8994  155  3.25 
 75  154.308  3.25 
 75.4779  150  3.25 
 77.2485  145  3.25 
 79.6973  140  3.25 
 80  138.953  3.25 
 81.6518  135  3.25 
 80  131.65  3.25 
 79.0901  130  3.25 
 77.3559  125  3.25 
 75.5296  120  3.25 
 75  115.668  3.25 
 74.9078  115  3.25 
 75  114.508  3.25 
 75.6762  110  3.25 
 78.6365  105  3.25 
 80  103.989  3.25 
 85  100.164  3.25 
 85.2155  100  3.25 


# Contour 9, label:      3.2
 168.524  100  3.2 
 165  100.21  3.2 
 160  100.489  3.2 
 155  100.666  3.2 
 150  100.704  3.2 
 145  100.626  3.2 
 140  100.469  3.2 
 135  100.331  3.2 
 130  100.299  3.2 
 125  100.428  3.2 
 120  100.683  3.2 
 115  100.871  3.2 
 110  100.769  3.2 
 105  100.301  3.2 
 103.24  100  3.2 

 180  155.887  3.2 
 175  155.932  3.2 
 170  156.076  3.2 
 165  156.351  3.2 
 160  156.805  3.2 
 155  157.493  3.2 
 150  158.474  3.2 
 145  159.797  3.2 
 144.372  160  3.2 
 140  161.278  3.2 
 135  162.765  3.2 
 130  164.073  3.2 
 125.42  165  3.2 
 125  165.064  3.2 
 120  165.63  3.2 
 115  165.969  3.2 
 110  166.09  3.2 
 105  165.986  3.2 
 100  165.635  3.2 
 95.0523  165  3.2 
 95  164.992  3.2 
 90  163.848  3.2 
 85  161.987  3.2 
 81.5325  160  3.2 
 80  158.175  3.2 
 78.161  155  3.2 
 78.0041  150  3.2 
 79.3562  145  3.2 
 80  143.665  3.2 
 81.5937  140  3.2 
 84.3661  135  3.2 
 82.5051  130  3.2 
 80.6841  125  3.2 
 80  123.369  3.2 
 78.5934  120  3.2 
 77.7774  115  3.2 
 78.4452  110  3.2 
 80  107.402  3.2 
 81.314  105  3.2 
 85  102.132  3.2 
 87.8026  100  3.2 


# Contour 10, label:     3.15
 180  153.405  3.15 
 175  153.447  3.15 
 170  153.585  3.15 
 165  153.855  3.15 
 160  154.308  3.15 
 155.035  155  3.15 
 155  155.004  3.15 
 150  155.89  3.15 
 145  157.094  3.15 
 140  158.64  3.15 
 136.279  160  3.15 
 135  160.391  3.15 
 130  161.827  3.15 
 125  162.983  3.15 
 120  163.8  3.15 
 115  164.281  3.15 
 110  164.451  3.15 
 105  164.323  3.15 
 100  163.875  3.15 
 95  163.023  3.15 
 90  161.596  3.15 
 86.3666  160  3.15 
 85  159.012  3.15 
 81.4348  155  3.15 
 80.5264  150  3.15 
 81.4563  145  3.15 
 83.4934  140  3.15 
 85  137.457  3.15 
 86.5806  135  3.15 
 86.016  130  3.15 
 85  127.852  3.15 
 83.763  125  3.15 
 81.4511  120  3.15 
 80.5451  115  3.15 
 81.0626  110  3.15 
 83.8443  105  3.15 
 85  104.101  3.15 
 90  100.271  3.15 
 91.4948  100  3.15 

 180  102.924  3.15 
 175  102.992  3.15 
 170  103.169  3.15 
 165  103.381  3.15 
 160  103.541  3.15 
 155  103.577  3.15 
 150  103.459  3.15 
 145  103.211  3.15 
 140  102.894  3.15 
 135  102.608  3.15 
 130  102.432  3.15 
 125  102.421  3.15 
 120  102.532  3.15 
 115  102.567  3.15 
 110  102.323  3.15 
 105  101.739  3.15 
 100  100.817  3.15 
 96.8242  100  3.15 


# Contour 11, label:      3.1
 180  106.528  3.1 
 175  106.59  3.1 
 170  106.744  3.1 
 165  106.904  3.1 
 160  106.967  3.1 
 155  106.851  3.1 
 150  106.523  3.1 
 145  106.014  3.1 
 140  105.412  3.1 
 136.385  105  3.1 
 135  104.885  3.1 
 130  104.565  3.1 
 125  104.415  3.1 
 120  104.382  3.1 
 115  104.264  3.1 
 110  103.877  3.1 
 105  103.176  3.1 
 100  102.146  3.1 
 95  100.851  3.1 
 90  102.073  3.1 
 86.2533  105  3.1 
 85  107.325  3.1 
 83.4856  110  3.1 
 83.0104  115  3.1 
 84.1339  120  3.1 
 85  121.753  3.1 
 86.4883  125  3.1 
 89.3736  130  3.1 
 88.6428  135  3.1 
 85.4164  140  3.1 
 85  141.154  3.1 
 83.5533  145  3.1 
 83.0335  150  3.1 
 84.7264  155  3.1 
 85  155.308  3.1 
 90  159.203  3.1 
 91.7604  160  3.1 
 95  161.055  3.1 
 100  162.063  3.1 
 105  162.57  3.1 
 110  162.683  3.1 
 115  162.441  3.1 
 120  161.845  3.1 
 125  160.886  3.1 
 128.469  160  3.1 
 130  159.434  3.1 
 135  157.521  3.1 
 140  155.799  3.1 
 142.774  155  3.1 
 145  154.305  3.1 
 150  153.084  3.1 
 155  152.192  3.1 
 160  151.574  3.1 
 165  151.179  3.1 
 170  150.949  3.1 
 175  150.836  3.1 
 180  150.802  3.1 


# Contour 12, label:     3.05
 180  110.691  3.05 
 175  110.744  3.05 
 170  110.863  3.05 
 165  110.952  3.05 
 160  110.888  3.05 
 155  110.575  3.05 
 150.218  110  3.05 
 150  109.98  3.05 
 145  109.305  3.05 
 140  108.543  3.05 
 135  107.828  3.05 
 130  107.27  3.05 
 125  106.93  3.05 
 120  106.512  3.05 
 115  106.373  3.05 
 110  105.617  3.05 
 107.46  105  3.05 
 105  104.614  3.05 
 100  103.475  3.05 
 95  102.167  3.05 
 90  103.875  3.05 
 88.5602  105  3.05 
 85.8211  110  3.05 
 85.3877  115  3.05 
 86.4522  120  3.05 
 88.9761  125  3.05 
 90  126.68  3.05 
 93.9785  130  3.05 
 91.0299  135  3.05 
 90  136.055  3.05 
 87.4284  140  3.05 
 85.6459  145  3.05 
 85.5374  150  3.05 
 88.1577  155  3.05 
 90  156.465  3.05 
 95  158.972  3.05 
 98.8511  160  3.05 
 100  160.251  3.05 
 105  160.817  3.05 
 110  160.914  3.05 
 115  160.6  3.05 
 119.264  160  3.05 
 120  159.843  3.05 
 125  158.277  3.05 
 130  156.4  3.05 
 133.769  155  3.05 
 135  154.454  3.05 
 140  152.626  3.05 
 145  151.227  3.05 
 150  150.161  3.05 
 150.999  150  3.05 
 155  149.242  3.05 
 160  148.584  3.05 
 165  148.17  3.05 
 170  147.94  3.05 
 175  147.831  3.05 
 180  147.801  3.05 


# Contour 13, label:        3
 180  115.596  3 
 175  115.639  3 
 170  115.725  3 
 165  115.738  3 
 160  115.534  3 
 155.042  115  3 
 155  114.996  3 
 150  114.257  3 
 145  113.273  3 
 140  112.163  3 
 135  111.078  3 
 130  110.168  3 
 128.726  110  3 
 125  109.662  3 
 120  108.784  3 
 115  108.799  3 
 110  107.843  3 
 105  106.5  3 
 100.838  105  3 
 100  104.804  3 
 95  103.483  3 
 91.2293  105  3 
 90  106.463  3 
 88.0105  110  3 
 87.397  115  3 
 88.5968  120  3 
 90  122.632  3 
 91.5182  125  3 
 95  128.152  3 
 97.3545  130  3 
 95  133.567  3 
 94.0423  135  3 
 90  139.142  3 
 89.4404  140  3 
 87.7291  145  3 
 88.0294  150  3 
 90  153.148  3 
 91.8464  155  3 
 95  156.759  3 
 100  158.274  3 
 105  158.919  3 
 110  158.933  3 
 115  158.319  3 
 120  157.054  3 
 125  155.293  3 
 125.771  155  3 
 130  152.801  3 
 135  150.828  3 
 137.636  150  3 
 140  149.172  3 
 145  147.744  3 
 150  146.635  3 
 155  145.809  3 
 160  145.244  3 
 163.522  145  3 
 165  144.866  3 
 170  144.626  3 
 175  144.523  3 
 180  144.496  3 


# Contour 14, label:     2.95
 180  121.646  2.95 
 175  121.686  2.95 
 170  121.75  2.95 
 165  121.696  2.95 
 160  121.346  2.95 
 155  120.55  2.95 
 152.902  120  2.95 
 150  119.422  2.95 
 145  118.102  2.95 
 140  116.597  2.95 
 135  115.081  2.95 
 134.684  115  2.95 
 130  114.137  2.95 
 125  113.504  2.95 
 120  111.882  2.95 
 115  111.919  2.95 
 110  110.109  2.95 
 109.791  110  2.95 
 105  108.551  2.95 
 100  106.615  2.95 
 95.7604  105  2.95 
 95  104.799  2.95 
 94.4998  105  2.95 
 90.1829  110  2.95 
 90  111.181  2.95 
 89.4064  115  2.95 
 90  117.304  2.95 
 90.7511  120  2.95 
 94.0983  125  2.95 
 95  125.816  2.95 
 100  129.783  2.95 
 100.353  130  2.95 
 100.866  135  2.95 
 100  135.051  2.95 
 95  136.813  2.95 
 91.8786  140  2.95 
 90  144.445  2.95 
 89.8123  145  2.95 
 90  146.505  2.95 
 90.5404  150  2.95 
 95  154.468  2.95 
 96.2251  155  2.95 
 100  156.27  2.95 
 105  156.893  2.95 
 110  156.725  2.95 
 115  155.825  2.95 
 117.783  155  2.95 
 120  153.649  2.95 
 125  150.804  2.95 
 126.775  150  2.95 
 130  148.294  2.95 
 135  146.496  2.95 
 140  145.125  2.95 
 140.517  145  2.95 
 145  143.66  2.95 
 150  142.427  2.95 
 155  141.489  2.95 
 160  140.858  2.95 
 165  140.497  2.95 
 170  140.332  2.95 
 175  140.276  2.95 
 180  140.266  2.95 


# Contour 15, label:      2.9
 157.202  130  2.9 
 155  129.409  2.9 
 150  127.267  2.9 
 146.083  125  2.9 
 145  124.632  2.9 
 140  122.742  2.9 
 135  120.886  2.9 
 131.889  120  2.9 
 130  119.615  2.9 
 125  119.201  2.9 
 120  116.846  2.9 
 115  116.536  2.9 
 113.366  115  2.9 
 110  113.628  2.9 
 105  110.94  2.9 
 103.641  110  2.9 
 100  108.51  2.9 
 95  106.881  2.9 
 92.1861  110  2.9 
 91.4665  115  2.9 
 92.9241  120  2.9 
 95  122.975  2.9 
 96.5528  125  2.9 
 100  127.826  2.9 
 103.531  130  2.9 
 105  131.689  2.9 
 110  132.209  2.9 
 113.356  130  2.9 
 115  127.856  2.9 
 118.389  130  2.9 
 118.151  135  2.9 
 115  138.067  2.9 
 110  138.505  2.9 
 105  137.882  2.9 
 100  137.636  2.9 
 95  139.47  2.9 
 94.481  140  2.9 
 91.9623  145  2.9 
 93.1234  150  2.9 
 95  151.88  2.9 
 100  154.17  2.9 
 105  154.823  2.9 
 110  154.166  2.9 
 115  151.697  2.9 
 117.719  150  2.9 
 120  146.506  2.9 
 122.339  145  2.9 
 125  143.323  2.9 
 130  141.995  2.9 
 135  140.905  2.9 
 138.922  140  2.9 
 140  139.642  2.9 
 145  137.753  2.9 
 150  135.989  2.9 
 153.536  135  2.9 
 155  132.481  2.9 
 157.202  130  2.9 


# Contour 16, label:     2.85
 110.574  145  2.85 
 110  144.564  2.85 
 105  141.31  2.85 
 100  140.257  2.85 
 95  143.311  2.85 
 94.119  145  2.85 
 95  147.995  2.85 
 96.2276  150  2.85 
 100  151.904  2.85 
 105  152.121  2.85 
 110  150.356  2.85 
 110.624  150  2.85 
 110.574  145  2.85 

 110.805  120  2.85 
 110  119.237  2.85 
 106.525  115  2.85 
 105  114.142  2.85 
 100  110.64  2.85 
 98.2748  110  2.85 
 95  109.101  2.85 
 94.1893  110  2.85 
 93.5478  115  2.85 
 95  119.699  2.85 
 95.1283  120  2.85 
 98.9399  125  2.85 
 100  125.869  2.85 
 105  128.396  2.85 
 110  127.78  2.85 
 112.318  125  2.85 
 110.805  120  2.85 


# Contour 17, label:      2.8
 104.531  145  2.8 
 100  143.261  2.8 
 97.5265  145  2.8 
 100  148.92  2.8 
 104.531  145  2.8 

 105.413  120  2.8 
 105  119.506  2.8 
 101.912  115  2.8 
 100  113.64  2.8 
 97.0004  115  2.8 
 98.0007  120  2.8 
 100  122.78  2.8 
 104.005  125  2.8 
 105  125.412  2.8 
 106.166  125  2.8 
 105.413  120  2.8 

