
# Surface 0 of 1 surfaces

# Curve title: "'risu.map.cnnc.nnc.s1.combi' using 5:3:7"

# Contour 0, label:      3.5
 69.4194  100  3.5 
 65  102.431  3.5 
 60  104.679  3.5 
 59.055  105  3.5 
 55  107.586  3.5 
 50  109.736  3.5 
 49.0507  110  3.5 
 45  112.097  3.5 
 40  113.43  3.5 
 35  113.847  3.5 
 30  113.526  3.5 
 25  112.551  3.5 
 20  111.024  3.5 
 17.2438  110  3.5 
 15  109.544  3.5 
 10  108.576  3.5 
 5  107.908  3.5 
 0  107.672  3.5 

 180  170.055  3.5 
 175  170.19  3.5 
 170  170.575  3.5 
 165  171.148  3.5 
 160  171.831  3.5 
 155  172.538  3.5 
 150  173.199  3.5 
 145  173.77  3.5 
 140  174.24  3.5 
 135  174.622  3.5 
 130  174.932  3.5 
 128.688  175  3.5 
 125  175.443  3.5 
 120  175.865  3.5 
 115  176.142  3.5 
 110  176.31  3.5 
 105  176.388  3.5 
 100  176.392  3.5 
 95  176.327  3.5 
 90  176.199  3.5 
 85  176.009  3.5 
 80  175.759  3.5 
 75  175.449  3.5 
 70  175.086  3.5 
 68.8716  175  3.5 
 65  174.752  3.5 
 60  174.367  3.5 
 55  173.927  3.5 
 50  173.492  3.5 
 45  173.17  3.5 
 40  173.07  3.5 
 35  173.225  3.5 
 30  173.517  3.5 
 25  173.815  3.5 
 20  174.066  3.5 
 15  174.259  3.5 
 10  174.393  3.5 
 5  174.472  3.5 
 0  174.498  3.5 


# Contour 1, label:        3
 180  115.596  3 
 175  115.639  3 
 170  115.725  3 
 165  115.738  3 
 160  115.534  3 
 155.042  115  3 
 155  114.996  3 
 150  114.257  3 
 145  113.273  3 
 140  112.163  3 
 135  111.078  3 
 130  110.168  3 
 128.726  110  3 
 125  109.662  3 
 120  108.784  3 
 115  108.799  3 
 110  107.843  3 
 105  106.5  3 
 100.838  105  3 
 100  104.804  3 
 95  103.483  3 
 91.2293  105  3 
 90  106.463  3 
 88.0105  110  3 
 87.397  115  3 
 88.5968  120  3 
 90  122.632  3 
 91.5182  125  3 
 95  128.152  3 
 97.3545  130  3 
 95  133.567  3 
 94.0423  135  3 
 90  139.142  3 
 89.4404  140  3 
 87.7291  145  3 
 88.0294  150  3 
 90  153.148  3 
 91.8464  155  3 
 95  156.759  3 
 100  158.274  3 
 105  158.919  3 
 110  158.933  3 
 115  158.319  3 
 120  157.054  3 
 125  155.293  3 
 125.771  155  3 
 130  152.801  3 
 135  150.828  3 
 137.636  150  3 
 140  149.172  3 
 145  147.744  3 
 150  146.635  3 
 155  145.809  3 
 160  145.244  3 
 163.522  145  3 
 165  144.866  3 
 170  144.626  3 
 175  144.523  3 
 180  144.496  3 

