
# Surface 0 of 1 surfaces

# Curve title: "'zpe.map12' using 1:2:6"

# Contour 0, label:     3.12
 1.25233  4  3.12 
 1.25265  3.75  3.12 
 1.2533  3.5  3.12 
 1.25387  3.3  3.12 
 1.254  3.2  3.12 
 1.25394  3.1  3.12 
 1.25374  3  3.12 
 1.25353  2.9  3.12 
 1.25349  2.8  3.12 
 1.25373  2.7  3.12 
 1.25406  2.6  3.12 
 1.25407  2.55  3.12 
 1.25381  2.5  3.12 
 1.25313  2.45  3.12 
 1.25182  2.4  3.12 
 1.25  2.35749  3.12 

 4  1.25233  3.12 
 3.75  1.25265  3.12 
 3.5  1.2533  3.12 
 3.3  1.25387  3.12 
 3.2  1.254  3.12 
 3.1  1.25394  3.12 
 3  1.25374  3.12 
 2.9  1.25353  3.12 
 2.8  1.25349  3.12 
 2.7  1.25373  3.12 
 2.6  1.25406  3.12 
 2.55  1.25407  3.12 
 2.5  1.25381  3.12 
 2.45  1.25313  3.12 
 2.4  1.25182  3.12 
 2.35749  1.25  3.12 


# Contour 1, label:     3.04
 1.25916  4  3.04 
 1.25948  3.75  3.04 
 1.26012  3.5  3.04 
 1.26069  3.3  3.04 
 1.26083  3.2  3.04 
 1.26077  3.1  3.04 
 1.26056  3  3.04 
 1.26034  2.9  3.04 
 1.26031  2.8  3.04 
 1.26054  2.7  3.04 
 1.26085  2.6  3.04 
 1.26086  2.55  3.04 
 1.2606  2.5  3.04 
 1.25993  2.45  3.04 
 1.25866  2.4  3.04 
 1.25655  2.35  3.04 
 1.25339  2.3  3.04 
 1.25  2.2617  3.04 

 4  1.25916  3.04 
 3.75  1.25948  3.04 
 3.5  1.26012  3.04 
 3.3  1.26069  3.04 
 3.2  1.26083  3.04 
 3.1  1.26077  3.04 
 3  1.26056  3.04 
 2.9  1.26034  3.04 
 2.8  1.26031  3.04 
 2.7  1.26054  3.04 
 2.6  1.26085  3.04 
 2.55  1.26086  3.04 
 2.5  1.2606  3.04 
 2.45  1.25993  3.04 
 2.4  1.25866  3.04 
 2.35  1.25655  3.04 
 2.3  1.25339  3.04 
 2.2617  1.25  3.04 


# Contour 2, label:     2.96
 1.26598  4  2.96 
 1.2663  3.75  2.96 
 1.26694  3.5  2.96 
 1.26752  3.3  2.96 
 1.26765  3.2  2.96 
 1.26759  3.1  2.96 
 1.26738  3  2.96 
 1.26716  2.9  2.96 
 1.26712  2.8  2.96 
 1.26734  2.7  2.96 
 1.26765  2.6  2.96 
 1.26765  2.55  2.96 
 1.26738  2.5  2.96 
 1.26673  2.45  2.96 
 1.26549  2.4  2.96 
 1.26342  2.35  2.96 
 1.26029  2.3  2.96 
 1.25588  2.25  2.96 
 1.25004  2.2  2.96 
 1.25  2.19971  2.96 

 4  1.26598  2.96 
 3.75  1.2663  2.96 
 3.5  1.26694  2.96 
 3.3  1.26752  2.96 
 3.2  1.26765  2.96 
 3.1  1.26759  2.96 
 3  1.26738  2.96 
 2.9  1.26716  2.96 
 2.8  1.26712  2.96 
 2.7  1.26734  2.96 
 2.6  1.26765  2.96 
 2.55  1.26765  2.96 
 2.5  1.26738  2.96 
 2.45  1.26673  2.96 
 2.4  1.26549  2.96 
 2.35  1.26342  2.96 
 2.3  1.26029  2.96 
 2.25  1.25588  2.96 
 2.2  1.25004  2.96 
 2.19971  1.25  2.96 


# Contour 3, label:     2.88
 1.27281  4  2.88 
 1.27313  3.75  2.88 
 1.27377  3.5  2.88 
 1.27434  3.3  2.88 
 1.27448  3.2  2.88 
 1.27441  3.1  2.88 
 1.2742  3  2.88 
 1.27398  2.9  2.88 
 1.27393  2.8  2.88 
 1.27415  2.7  2.88 
 1.27444  2.6  2.88 
 1.27444  2.55  2.88 
 1.27417  2.5  2.88 
 1.27353  2.45  2.88 
 1.27232  2.4  2.88 
 1.27029  2.35  2.88 
 1.26719  2.3  2.88 
 1.2628  2.25  2.88 
 1.25697  2.2  2.88 
 1.25  2.15213  2.88 

 4  1.27281  2.88 
 3.75  1.27313  2.88 
 3.5  1.27377  2.88 
 3.3  1.27434  2.88 
 3.2  1.27448  2.88 
 3.1  1.27441  2.88 
 3  1.2742  2.88 
 2.9  1.27398  2.88 
 2.8  1.27393  2.88 
 2.7  1.27415  2.88 
 2.6  1.27444  2.88 
 2.55  1.27444  2.88 
 2.5  1.27417  2.88 
 2.45  1.27353  2.88 
 2.4  1.27232  2.88 
 2.35  1.27029  2.88 
 2.3  1.26719  2.88 
 2.25  1.2628  2.88 
 2.2  1.25697  2.88 
 2.15213  1.25  2.88 


# Contour 4, label:      2.8
 1.27963  4  2.8 
 1.27995  3.75  2.8 
 1.28059  3.5  2.8 
 1.28117  3.3  2.8 
 1.2813  3.2  2.8 
 1.28124  3.1  2.8 
 1.28102  3  2.8 
 1.2808  2.9  2.8 
 1.28075  2.8  2.8 
 1.28096  2.7  2.8 
 1.28124  2.6  2.8 
 1.28123  2.55  2.8 
 1.28095  2.5  2.8 
 1.28033  2.45  2.8 
 1.27916  2.4  2.8 
 1.27716  2.35  2.8 
 1.27409  2.3  2.8 
 1.26971  2.25  2.8 
 1.26389  2.2  2.8 
 1.25661  2.15  2.8 
 1.25  2.11157  2.8 

 4  1.27963  2.8 
 3.75  1.27995  2.8 
 3.5  1.28059  2.8 
 3.3  1.28117  2.8 
 3.2  1.2813  2.8 
 3.1  1.28124  2.8 
 3  1.28102  2.8 
 2.9  1.2808  2.8 
 2.8  1.28075  2.8 
 2.7  1.28096  2.8 
 2.6  1.28124  2.8 
 2.55  1.28123  2.8 
 2.5  1.28095  2.8 
 2.45  1.28033  2.8 
 2.4  1.27916  2.8 
 2.35  1.27716  2.8 
 2.3  1.27409  2.8 
 2.25  1.26971  2.8 
 2.2  1.26389  2.8 
 2.15  1.25661  2.8 
 2.11157  1.25  2.8 


# Contour 5, label:     2.72
 1.28645  4  2.72 
 1.28677  3.75  2.72 
 1.28741  3.5  2.72 
 1.28799  3.3  2.72 
 1.28813  3.2  2.72 
 1.28806  3.1  2.72 
 1.28784  3  2.72 
 1.28762  2.9  2.72 
 1.28756  2.8  2.72 
 1.28776  2.7  2.72 
 1.28804  2.6  2.72 
 1.28802  2.55  2.72 
 1.28774  2.5  2.72 
 1.28713  2.45  2.72 
 1.28599  2.4  2.72 
 1.28403  2.35  2.72 
 1.28099  2.3  2.72 
 1.27663  2.25  2.72 
 1.27081  2.2  2.72 
 1.26353  2.15  2.72 
 1.25493  2.1  2.72 
 1.25  2.07456  2.72 

 4  1.28645  2.72 
 3.75  1.28677  2.72 
 3.5  1.28741  2.72 
 3.3  1.28799  2.72 
 3.2  1.28813  2.72 
 3.1  1.28806  2.72 
 3  1.28784  2.72 
 2.9  1.28762  2.72 
 2.8  1.28756  2.72 
 2.7  1.28776  2.72 
 2.6  1.28804  2.72 
 2.55  1.28802  2.72 
 2.5  1.28774  2.72 
 2.45  1.28713  2.72 
 2.4  1.28599  2.72 
 2.35  1.28403  2.72 
 2.3  1.28099  2.72 
 2.25  1.27663  2.72 
 2.2  1.27081  2.72 
 2.15  1.26353  2.72 
 2.1  1.25493  2.72 
 2.07456  1.25  2.72 


# Contour 6, label:     2.64
 1.29328  4  2.64 
 1.2936  3.75  2.64 
 1.29424  3.5  2.64 
 1.29482  3.3  2.64 
 1.29495  3.2  2.64 
 1.29488  3.1  2.64 
 1.29467  3  2.64 
 1.29444  2.9  2.64 
 1.29438  2.8  2.64 
 1.29457  2.7  2.64 
 1.29483  2.6  2.64 
 1.29481  2.55  2.64 
 1.29453  2.5  2.64 
 1.29393  2.45  2.64 
 1.29282  2.4  2.64 
 1.2909  2.35  2.64 
 1.28789  2.3  2.64 
 1.28355  2.25  2.64 
 1.27774  2.2  2.64 
 1.27045  2.15  2.64 
 1.26184  2.1  2.64 
 1.25215  2.05  2.64 
 1.25  2.03967  2.64 

 4  1.29328  2.64 
 3.75  1.2936  2.64 
 3.5  1.29424  2.64 
 3.3  1.29482  2.64 
 3.2  1.29495  2.64 
 3.1  1.29488  2.64 
 3  1.29467  2.64 
 2.9  1.29444  2.64 
 2.8  1.29438  2.64 
 2.7  1.29457  2.64 
 2.6  1.29483  2.64 
 2.55  1.29481  2.64 
 2.5  1.29453  2.64 
 2.45  1.29393  2.64 
 2.4  1.29282  2.64 
 2.35  1.2909  2.64 
 2.3  1.28789  2.64 
 2.25  1.28355  2.64 
 2.2  1.27774  2.64 
 2.15  1.27045  2.64 
 2.1  1.26184  2.64 
 2.05  1.25215  2.64 
 2.03967  1.25  2.64 


# Contour 7, label:     2.56
 1.30016  4  2.56 
 1.30067  3.75  2.56 
 1.30168  3.5  2.56 
 1.30259  3.3  2.56 
 1.3028  3.2  2.56 
 1.30269  3.1  2.56 
 1.30235  3  2.56 
 1.30198  2.9  2.56 
 1.30188  2.8  2.56 
 1.30217  2.7  2.56 
 1.30257  2.6  2.56 
 1.30254  2.55  2.56 
 1.3021  2.5  2.56 
 1.30119  2.45  2.56 
 1.3  2.41586  2.56 
 1.29966  2.4  2.56 
 1.29777  2.35  2.56 
 1.29479  2.3  2.56 
 1.29046  2.25  2.56 
 1.28466  2.2  2.56 
 1.27738  2.15  2.56 
 1.26875  2.1  2.56 
 1.25905  2.05  2.56 
 1.25  2.0066  2.56 

 4  1.30016  2.56 
 3.75  1.30067  2.56 
 3.5  1.30168  2.56 
 3.3  1.30259  2.56 
 3.2  1.3028  2.56 
 3.1  1.30269  2.56 
 3  1.30235  2.56 
 2.9  1.30198  2.56 
 2.8  1.30188  2.56 
 2.7  1.30217  2.56 
 2.6  1.30257  2.56 
 2.55  1.30254  2.56 
 2.5  1.3021  2.56 
 2.45  1.30119  2.56 
 2.41586  1.3  2.56 
 2.4  1.29966  2.56 
 2.35  1.29777  2.56 
 2.3  1.29479  2.56 
 2.25  1.29046  2.56 
 2.2  1.28466  2.56 
 2.15  1.27738  2.56 
 2.1  1.26875  2.56 
 2.05  1.25905  2.56 
 2.0066  1.25  2.56 


# Contour 8, label:     2.48
 1.25058  1.25  2.48 
 1.25  1.25058  2.48 

 1.31093  4  2.48 
 1.31144  3.75  2.48 
 1.31245  3.5  2.48 
 1.31336  3.3  2.48 
 1.31357  3.2  2.48 
 1.31346  3.1  2.48 
 1.31311  3  2.48 
 1.31274  2.9  2.48 
 1.31263  2.8  2.48 
 1.31291  2.7  2.48 
 1.31329  2.6  2.48 
 1.3133  2.55  2.48 
 1.31299  2.5  2.48 
 1.31221  2.45  2.48 
 1.31058  2.4  2.48 
 1.30759  2.35  2.48 
 1.30277  2.3  2.48 
 1.3  2.28035  2.48 
 1.29738  2.25  2.48 
 1.29158  2.2  2.48 
 1.2843  2.15  2.48 
 1.27566  2.1  2.48 
 1.26595  2.05  2.48 
 1.2555  2  2.48 
 1.25  1.97463  2.48 

 4  1.31093  2.48 
 3.75  1.31144  2.48 
 3.5  1.31245  2.48 
 3.3  1.31336  2.48 
 3.2  1.31357  2.48 
 3.1  1.31346  2.48 
 3  1.31311  2.48 
 2.9  1.31274  2.48 
 2.8  1.31263  2.48 
 2.7  1.31291  2.48 
 2.6  1.31329  2.48 
 2.55  1.3133  2.48 
 2.5  1.31299  2.48 
 2.45  1.31221  2.48 
 2.4  1.31058  2.48 
 2.35  1.30759  2.48 
 2.3  1.30277  2.48 
 2.28035  1.3  2.48 
 2.25  1.29738  2.48 
 2.2  1.29158  2.48 
 2.15  1.2843  2.48 
 2.1  1.27566  2.48 
 2.05  1.26595  2.48 
 2  1.2555  2.48 
 1.97463  1.25  2.48 


# Contour 9, label:      2.4
 2.05129  2.15  2.4 
 2.05  2.14862  2.4 
 2  2.10635  2.4 
 1.98711  2.1  2.4 
 1.95  2.088  2.4 
 1.9  2.09718  2.4 
 1.89448  2.1  2.4 
 1.85  2.12814  2.4 
 1.82352  2.15  2.4 
 1.8  2.17549  2.4 
 1.78155  2.2  2.4 
 1.75766  2.25  2.4 
 1.75  2.29814  2.4 
 1.74977  2.3  2.4 
 1.75  2.30148  2.4 
 1.76343  2.35  2.4 
 1.8  2.39504  2.4 
 1.81438  2.4  2.4 
 1.85  2.4083  2.4 
 1.89604  2.4  2.4 
 1.9  2.39917  2.4 
 1.95  2.37339  2.4 
 1.98584  2.35  2.4 
 2  2.33779  2.4 
 2.03987  2.3  2.4 
 2.05  2.28422  2.4 
 2.07098  2.25  2.4 
 2.07547  2.2  2.4 
 2.05129  2.15  2.4 

 2.4083  1.85  2.4 
 2.4  1.81438  2.4 
 2.39504  1.8  2.4 
 2.35  1.76343  2.4 
 2.30148  1.75  2.4 
 2.3  1.74977  2.4 
 2.29814  1.75  2.4 
 2.25  1.75766  2.4 
 2.2  1.78155  2.4 
 2.17549  1.8  2.4 
 2.15  1.82352  2.4 
 2.12814  1.85  2.4 
 2.1  1.89448  2.4 
 2.09718  1.9  2.4 
 2.088  1.95  2.4 
 2.1  1.98711  2.4 
 2.10635  2  2.4 
 2.14863  2.05  2.4 
 2.15  2.05128  2.4 
 2.2  2.07547  2.4 
 2.25  2.07098  2.4 
 2.28422  2.05  2.4 
 2.3  2.03987  2.4 
 2.33779  2  2.4 
 2.35  1.98584  2.4 
 2.37338  1.95  2.4 
 2.39917  1.9  2.4 
 2.4  1.89604  2.4 
 2.4083  1.85  2.4 

 1.25733  1.25  2.4 
 1.25  1.25728  2.4 

 1.3217  4  2.4 
 1.3222  3.75  2.4 
 1.32322  3.5  2.4 
 1.32413  3.3  2.4 
 1.32434  3.2  2.4 
 1.32423  3.1  2.4 
 1.32388  3  2.4 
 1.3235  2.9  2.4 
 1.32338  2.8  2.4 
 1.32365  2.7  2.4 
 1.32401  2.6  2.4 
 1.32407  2.55  2.4 
 1.32388  2.5  2.4 
 1.32324  2.45  2.4 
 1.32172  2.4  2.4 
 1.31883  2.35  2.4 
 1.31407  2.3  2.4 
 1.30706  2.25  2.4 
 1.3  2.21287  2.4 
 1.29851  2.2  2.4 
 1.29122  2.15  2.4 
 1.28258  2.1  2.4 
 1.27285  2.05  2.4 
 1.26238  2  2.4 
 1.25153  1.95  2.4 
 1.25  1.94303  2.4 

 4  1.3217  2.4 
 3.75  1.3222  2.4 
 3.5  1.32322  2.4 
 3.3  1.32413  2.4 
 3.2  1.32434  2.4 
 3.1  1.32423  2.4 
 3  1.32388  2.4 
 2.9  1.3235  2.4 
 2.8  1.32338  2.4 
 2.7  1.32365  2.4 
 2.6  1.32401  2.4 
 2.55  1.32407  2.4 
 2.5  1.32388  2.4 
 2.45  1.32324  2.4 
 2.4  1.32172  2.4 
 2.35  1.31883  2.4 
 2.3  1.31407  2.4 
 2.25  1.30706  2.4 
 2.21287  1.3  2.4 
 2.2  1.29851  2.4 
 2.15  1.29122  2.4 
 2.1  1.28258  2.4 
 2.05  1.27285  2.4 
 2  1.26238  2.4 
 1.95  1.25153  2.4 
 1.94303  1.25  2.4 


# Contour 10, label:     2.32
 2.46641  1.75  2.32 
 2.45  1.73521  2.32 
 2.4  1.70349  2.32 
 2.39009  1.7  2.32 
 2.35  1.69055  2.32 
 2.3  1.68913  2.32 
 2.25  1.69805  2.32 
 2.24501  1.7  2.32 
 2.2  1.72053  2.32 
 2.15501  1.75  2.32 
 2.15  1.75391  2.32 
 2.10461  1.8  2.32 
 2.1  1.80543  2.32 
 2.06859  1.85  2.32 
 2.05  1.88281  2.32 
 2.04177  1.9  2.32 
 2.03042  1.95  2.32 
 2.01844  2  2.32 
 2  2.01844  2.32 
 1.95  2.03042  2.32 
 1.9  2.04177  2.32 
 1.88281  2.05  2.32 
 1.85  2.06859  2.32 
 1.80543  2.1  2.32 
 1.8  2.10461  2.32 
 1.75391  2.15  2.32 
 1.75  2.15501  2.32 
 1.72053  2.2  2.32 
 1.7  2.24501  2.32 
 1.69805  2.25  2.32 
 1.68913  2.3  2.32 
 1.69055  2.35  2.32 
 1.7  2.39009  2.32 
 1.70349  2.4  2.32 
 1.73521  2.45  2.32 
 1.75  2.46641  2.32 
 1.8  2.49268  2.32 
 1.85  2.49549  2.32 
 1.9  2.48288  2.32 
 1.95  2.46186  2.32 
 1.97466  2.45  2.32 
 2  2.43616  2.32 
 2.05  2.40868  2.32 
 2.06656  2.4  2.32 
 2.1  2.37763  2.32 
 2.14007  2.35  2.32 
 2.15  2.33884  2.32 
 2.18522  2.3  2.32 
 2.2  2.27862  2.32 
 2.22529  2.25  2.32 
 2.25  2.22529  2.32 
 2.27862  2.2  2.32 
 2.3  2.18522  2.32 
 2.33884  2.15  2.32 
 2.35  2.14008  2.32 
 2.37763  2.1  2.32 
 2.4  2.06657  2.32 
 2.40868  2.05  2.32 
 2.43616  2  2.32 
 2.45  1.97466  2.32 
 2.46186  1.95  2.32 
 2.48288  1.9  2.32 
 2.49549  1.85  2.32 
 2.49268  1.8  2.32 
 2.46641  1.75  2.32 

 1.26408  1.25  2.32 
 1.25  1.26397  2.32 

 1.33247  4  2.32 
 1.33297  3.75  2.32 
 1.33398  3.5  2.32 
 1.3349  3.3  2.32 
 1.33511  3.2  2.32 
 1.335  3.1  2.32 
 1.33464  3  2.32 
 1.33426  2.9  2.32 
 1.33413  2.8  2.32 
 1.33439  2.7  2.32 
 1.33473  2.6  2.32 
 1.33483  2.55  2.32 
 1.33477  2.5  2.32 
 1.33426  2.45  2.32 
 1.33286  2.4  2.32 
 1.33006  2.35  2.32 
 1.32538  2.3  2.32 
 1.31841  2.25  2.32 
 1.30893  2.2  2.32 
 1.3  2.16275  2.32 
 1.29814  2.15  2.32 
 1.28949  2.1  2.32 
 1.27975  2.05  2.32 
 1.26926  2  2.32 
 1.25838  1.95  2.32 
 1.25  1.91184  2.32 

 4  1.33247  2.32 
 3.75  1.33297  2.32 
 3.5  1.33398  2.32 
 3.3  1.3349  2.32 
 3.2  1.33511  2.32 
 3.1  1.335  2.32 
 3  1.33464  2.32 
 2.9  1.33426  2.32 
 2.8  1.33413  2.32 
 2.7  1.33439  2.32 
 2.6  1.33473  2.32 
 2.55  1.33483  2.32 
 2.5  1.33477  2.32 
 2.45  1.33426  2.32 
 2.4  1.33286  2.32 
 2.35  1.33006  2.32 
 2.3  1.32538  2.32 
 2.25  1.31841  2.32 
 2.2  1.30893  2.32 
 2.16275  1.3  2.32 
 2.15  1.29814  2.32 
 2.1  1.28949  2.32 
 2.05  1.27975  2.32 
 2  1.26926  2.32 
 1.95  1.25838  2.32 
 1.91184  1.25  2.32 


# Contour 11, label:     2.24
 2.55652  1.75  2.24 
 2.55  1.74122  2.24 
 2.51399  1.7  2.24 
 2.5  1.69032  2.24 
 2.45  1.66313  2.24 
 2.41344  1.65  2.24 
 2.4  1.64638  2.24 
 2.35  1.64011  2.24 
 2.3  1.64211  2.24 
 2.26134  1.65  2.24 
 2.25  1.65262  2.24 
 2.2  1.67371  2.24 
 2.15526  1.7  2.24 
 2.15  1.70356  2.24 
 2.1  1.74689  2.24 
 2.09698  1.75  2.24 
 2.05605  1.8  2.24 
 2.05  1.80831  2.24 
 2.02371  1.85  2.24 
 2  1.89659  2.24 
 1.99851  1.9  2.24 
 1.9825  1.95  2.24 
 1.95  1.9825  2.24 
 1.9  1.99851  2.24 
 1.89659  2  2.24 
 1.85  2.02371  2.24 
 1.80831  2.05  2.24 
 1.8  2.05605  2.24 
 1.75  2.09698  2.24 
 1.74689  2.1  2.24 
 1.70356  2.15  2.24 
 1.7  2.15526  2.24 
 1.67371  2.2  2.24 
 1.65262  2.25  2.24 
 1.65  2.26134  2.24 
 1.64211  2.3  2.24 
 1.64011  2.35  2.24 
 1.64638  2.4  2.24 
 1.65  2.41344  2.24 
 1.66313  2.45  2.24 
 1.69032  2.5  2.24 
 1.7  2.51399  2.24 
 1.74122  2.55  2.24 
 1.75  2.55652  2.24 
 1.8  2.57178  2.24 
 1.85  2.56901  2.24 
 1.9  2.55447  2.24 
 1.91073  2.55  2.24 
 1.95  2.53329  2.24 
 2  2.51071  2.24 
 2.02542  2.5  2.24 
 2.05  2.48855  2.24 
 2.1  2.46722  2.24 
 2.14226  2.45  2.24 
 2.15  2.44618  2.24 
 2.2  2.41895  2.24 
 2.23312  2.4  2.24 
 2.25  2.38808  2.24 
 2.3  2.3516  2.24 
 2.30194  2.35  2.24 
 2.35  2.30194  2.24 
 2.3516  2.3  2.24 
 2.38808  2.25  2.24 
 2.4  2.23312  2.24 
 2.41895  2.2  2.24 
 2.44618  2.15  2.24 
 2.45  2.14226  2.24 
 2.46722  2.1  2.24 
 2.48855  2.05  2.24 
 2.5  2.02542  2.24 
 2.51071  2  2.24 
 2.53329  1.95  2.24 
 2.55  1.91073  2.24 
 2.55447  1.9  2.24 
 2.56901  1.85  2.24 
 2.57178  1.8  2.24 
 2.55652  1.75  2.24 

 1.27083  1.25  2.24 
 1.25  1.27067  2.24 

 1.34324  4  2.24 
 1.34374  3.75  2.24 
 1.34475  3.5  2.24 
 1.34567  3.3  2.24 
 1.34588  3.2  2.24 
 1.34576  3.1  2.24 
 1.34541  3  2.24 
 1.34502  2.9  2.24 
 1.34488  2.8  2.24 
 1.34513  2.7  2.24 
 1.34546  2.6  2.24 
 1.34559  2.55  2.24 
 1.34565  2.5  2.24 
 1.34529  2.45  2.24 
 1.34401  2.4  2.24 
 1.3413  2.35  2.24 
 1.33668  2.3  2.24 
 1.32976  2.25  2.24 
 1.32031  2.2  2.24 
 1.30834  2.15  2.24 
 1.3  2.12078  2.24 
 1.2964  2.1  2.24 
 1.28665  2.05  2.24 
 1.27614  2  2.24 
 1.26524  1.95  2.24 
 1.25423  1.9  2.24 
 1.25  1.88067  2.24 

 4  1.34324  2.24 
 3.75  1.34374  2.24 
 3.5  1.34475  2.24 
 3.3  1.34567  2.24 
 3.2  1.34588  2.24 
 3.1  1.34576  2.24 
 3  1.34541  2.24 
 2.9  1.34502  2.24 
 2.8  1.34488  2.24 
 2.7  1.34513  2.24 
 2.6  1.34546  2.24 
 2.55  1.34559  2.24 
 2.5  1.34565  2.24 
 2.45  1.34529  2.24 
 2.4  1.34401  2.24 
 2.35  1.3413  2.24 
 2.3  1.33668  2.24 
 2.25  1.32976  2.24 
 2.2  1.32031  2.24 
 2.15  1.30834  2.24 
 2.12078  1.3  2.24 
 2.1  1.2964  2.24 
 2.05  1.28665  2.24 
 2  1.27614  2.24 
 1.95  1.26524  2.24 
 1.9  1.25423  2.24 
 1.88067  1.25  2.24 


# Contour 12, label:     2.16
 2.60868  1.7  2.16 
 2.6  1.69248  2.16 
 2.55  1.65319  2.16 
 2.54516  1.65  2.16 
 2.5  1.62847  2.16 
 2.45  1.61087  2.16 
 2.4  1.6002  2.16 
 2.39694  1.6  2.16 
 2.35  1.59736  2.16 
 2.321  1.6  2.16 
 2.3  1.60195  2.16 
 2.25  1.61455  2.16 
 2.2  1.63422  2.16 
 2.16996  1.65  2.16 
 2.15  1.66214  2.16 
 2.1  1.69958  2.16 
 2.09951  1.7  2.16 
 2.05099  1.75  2.16 
 2.05  1.75121  2.16 
 2.01534  1.8  2.16 
 2  1.82385  2.16 
 1.98513  1.85  2.16 
 1.96323  1.9  2.16 
 1.95  1.92584  2.16 
 1.92584  1.95  2.16 
 1.9  1.96323  2.16 
 1.85  1.98513  2.16 
 1.82385  2  2.16 
 1.8  2.01534  2.16 
 1.75121  2.05  2.16 
 1.75  2.05099  2.16 
 1.7  2.09951  2.16 
 1.69958  2.1  2.16 
 1.66214  2.15  2.16 
 1.65  2.16996  2.16 
 1.63422  2.2  2.16 
 1.61455  2.25  2.16 
 1.60195  2.3  2.16 
 1.6  2.321  2.16 
 1.59736  2.35  2.16 
 1.6  2.39694  2.16 
 1.6002  2.4  2.16 
 1.61087  2.45  2.16 
 1.62847  2.5  2.16 
 1.65  2.54516  2.16 
 1.65319  2.55  2.16 
 1.69248  2.6  2.16 
 1.7  2.60868  2.16 
 1.75  2.64002  2.16 
 1.8  2.64771  2.16 
 1.85  2.63923  2.16 
 1.9  2.62087  2.16 
 1.94682  2.6  2.16 
 1.95  2.59861  2.16 
 2  2.5762  2.16 
 2.05  2.55631  2.16 
 2.06846  2.55  2.16 
 2.1  2.53833  2.16 
 2.15  2.52162  2.16 
 2.2  2.505  2.16 
 2.21227  2.5  2.16 
 2.25  2.48224  2.16 
 2.3  2.4586  2.16 
 2.31571  2.45  2.16 
 2.35  2.42732  2.16 
 2.38362  2.4  2.16 
 2.4  2.38362  2.16 
 2.42732  2.35  2.16 
 2.45  2.31571  2.16 
 2.4586  2.3  2.16 
 2.48224  2.25  2.16 
 2.5  2.21227  2.16 
 2.505  2.2  2.16 
 2.52162  2.15  2.16 
 2.53833  2.1  2.16 
 2.55  2.06846  2.16 
 2.55631  2.05  2.16 
 2.5762  2  2.16 
 2.59861  1.95  2.16 
 2.6  1.94682  2.16 
 2.62087  1.9  2.16 
 2.63923  1.85  2.16 
 2.64771  1.8  2.16 
 2.64002  1.75  2.16 
 2.60868  1.7  2.16 

 1.27758  1.25  2.16 
 1.25  1.27736  2.16 

 1.35718  4  2.16 
 1.35809  3.75  2.16 
 1.3599  3.5  2.16 
 1.36155  3.3  2.16 
 1.36192  3.2  2.16 
 1.36171  3.1  2.16 
 1.36107  3  2.16 
 1.36037  2.9  2.16 
 1.36011  2.8  2.16 
 1.36053  2.7  2.16 
 1.36132  2.6  2.16 
 1.36193  2.55  2.16 
 1.36247  2.5  2.16 
 1.36217  2.45  2.16 
 1.36003  2.4  2.16 
 1.35498  2.35  2.16 
 1.35  2.32208  2.16 
 1.34799  2.3  2.16 
 1.34111  2.25  2.16 
 1.33169  2.2  2.16 
 1.31973  2.15  2.16 
 1.30547  2.1  2.16 
 1.3  2.08305  2.16 
 1.29355  2.05  2.16 
 1.28302  2  2.16 
 1.27209  1.95  2.16 
 1.26105  1.9  2.16 
 1.2501  1.85  2.16 
 1.25  1.84953  2.16 

 4  1.35718  2.16 
 3.75  1.35809  2.16 
 3.5  1.3599  2.16 
 3.3  1.36155  2.16 
 3.2  1.36192  2.16 
 3.1  1.36171  2.16 
 3  1.36107  2.16 
 2.9  1.36037  2.16 
 2.8  1.36011  2.16 
 2.7  1.36053  2.16 
 2.6  1.36132  2.16 
 2.55  1.36193  2.16 
 2.5  1.36247  2.16 
 2.45  1.36217  2.16 
 2.4  1.36003  2.16 
 2.35  1.35498  2.16 
 2.32208  1.35  2.16 
 2.3  1.34799  2.16 
 2.25  1.34111  2.16 
 2.2  1.33169  2.16 
 2.15  1.31973  2.16 
 2.1  1.30547  2.16 
 2.08305  1.3  2.16 
 2.05  1.29355  2.16 
 2  1.28302  2.16 
 1.95  1.27209  2.16 
 1.9  1.26105  2.16 
 1.85  1.2501  2.16 
 1.84953  1.25  2.16 


# Contour 13, label:     2.08
 2.70633  1.7  2.08 
 2.7  1.69413  2.08 
 2.65619  1.65  2.08 
 2.6  1.61813  2.08 
 2.56367  1.6  2.08 
 2.55  1.59437  2.08 
 2.5  1.57679  2.08 
 2.45  1.56436  2.08 
 2.4  1.5579  2.08 
 2.35  1.55799  2.08 
 2.3  1.56492  2.08 
 2.25  1.57871  2.08 
 2.2  1.59905  2.08 
 2.19826  1.6  2.08 
 2.15  1.62669  2.08 
 2.11435  1.65  2.08 
 2.1  1.66093  2.08 
 2.05465  1.7  2.08 
 2.05  1.70479  2.08 
 2.01072  1.75  2.08 
 2  1.76516  2.08 
 1.97833  1.8  2.08 
 1.95  1.85  2.08 
 1.92672  1.9  2.08 
 1.9  1.92672  2.08 
 1.85  1.95  2.08 
 1.8  1.97833  2.08 
 1.76516  2  2.08 
 1.75  2.01072  2.08 
 1.70479  2.05  2.08 
 1.7  2.05465  2.08 
 1.66093  2.1  2.08 
 1.65  2.11435  2.08 
 1.62669  2.15  2.08 
 1.6  2.19826  2.08 
 1.59905  2.2  2.08 
 1.57871  2.25  2.08 
 1.56492  2.3  2.08 
 1.55799  2.35  2.08 
 1.5579  2.4  2.08 
 1.56436  2.45  2.08 
 1.57679  2.5  2.08 
 1.59437  2.55  2.08 
 1.6  2.56367  2.08 
 1.61813  2.6  2.08 
 1.65  2.65619  2.08 
 1.69413  2.7  2.08 
 1.7  2.70633  2.08 
 1.75  2.72938  2.08 
 1.8  2.72735  2.08 
 1.85  2.71029  2.08 
 1.86961  2.7  2.08 
 1.9  2.68655  2.08 
 1.95  2.66133  2.08 
 2  2.63785  2.08 
 2.05  2.61803  2.08 
 2.1  2.60188  2.08 
 2.10696  2.6  2.08 
 2.15  2.58749  2.08 
 2.2  2.57373  2.08 
 2.25  2.55664  2.08 
 2.26941  2.55  2.08 
 2.3  2.53828  2.08 
 2.35  2.51605  2.08 
 2.37902  2.5  2.08 
 2.4  2.48635  2.08 
 2.44438  2.45  2.08 
 2.45  2.44438  2.08 
 2.48635  2.4  2.08 
 2.5  2.37902  2.08 
 2.51605  2.35  2.08 
 2.53828  2.3  2.08 
 2.55  2.26941  2.08 
 2.55664  2.25  2.08 
 2.57373  2.2  2.08 
 2.58749  2.15  2.08 
 2.6  2.10696  2.08 
 2.60188  2.1  2.08 
 2.61803  2.05  2.08 
 2.63785  2  2.08 
 2.66133  1.95  2.08 
 2.68655  1.9  2.08 
 2.7  1.86961  2.08 
 2.71029  1.85  2.08 
 2.72735  1.8  2.08 
 2.72938  1.75  2.08 
 2.70633  1.7  2.08 

 1.28433  1.25  2.08 
 1.25  1.28406  2.08 

 1.37648  4  2.08 
 1.37739  3.75  2.08 
 1.3792  3.5  2.08 
 1.38086  3.3  2.08 
 1.38123  3.2  2.08 
 1.38102  3.1  2.08 
 1.38037  3  2.08 
 1.37967  2.9  2.08 
 1.37941  2.8  2.08 
 1.37981  2.7  2.08 
 1.38098  2.6  2.08 
 1.38215  2.55  2.08 
 1.38323  2.5  2.08 
 1.38342  2.45  2.08 
 1.38173  2.4  2.08 
 1.37708  2.35  2.08 
 1.36844  2.3  2.08 
 1.35494  2.25  2.08 
 1.35  2.23684  2.08 
 1.34308  2.2  2.08 
 1.33113  2.15  2.08 
 1.31686  2.1  2.08 
 1.30073  2.05  2.08 
 1.3  2.0479  2.08 
 1.2899  2  2.08 
 1.27894  1.95  2.08 
 1.26788  1.9  2.08 
 1.25689  1.85  2.08 
 1.25  1.81835  2.08 

 4  1.37648  2.08 
 3.75  1.37739  2.08 
 3.5  1.3792  2.08 
 3.3  1.38086  2.08 
 3.2  1.38123  2.08 
 3.1  1.38102  2.08 
 3  1.38037  2.08 
 2.9  1.37967  2.08 
 2.8  1.37941  2.08 
 2.7  1.37981  2.08 
 2.6  1.38098  2.08 
 2.55  1.38215  2.08 
 2.5  1.38323  2.08 
 2.45  1.38342  2.08 
 2.4  1.38173  2.08 
 2.35  1.37708  2.08 
 2.3  1.36844  2.08 
 2.25  1.35494  2.08 
 2.23684  1.35  2.08 
 2.2  1.34308  2.08 
 2.15  1.33113  2.08 
 2.1  1.31686  2.08 
 2.05  1.30073  2.08 
 2.0479  1.3  2.08 
 2  1.2899  2.08 
 1.95  1.27894  2.08 
 1.9  1.26788  2.08 
 1.85  1.25689  2.08 
 1.81835  1.25  2.08 


# Contour 14, label:        2
 2.80931  1.65  2 
 2.8  1.64819  2 
 2.70538  1.6  2 
 2.7  1.59832  2 
 2.6  1.5578  2 
 2.57821  1.55  2 
 2.55  1.5386  2 
 2.5  1.52253  2 
 2.45  1.51223  2 
 2.4  1.50851  2 
 2.35  1.51209  2 
 2.3  1.52343  2 
 2.25  1.54269  2 
 2.23692  1.55  2 
 2.2  1.56612  2 
 2.15  1.59386  2 
 2.14082  1.6  2 
 2.1  1.62741  2 
 2.06986  1.65  2 
 2.05  1.66726  2 
 2.01506  1.7  2 
 2  1.71726  2 
 1.9732  1.75  2 
 1.95  1.78816  2 
 1.94362  1.8  2 
 1.91853  1.85  2 
 1.9  1.88379  2 
 1.88379  1.9  2 
 1.85  1.91853  2 
 1.8  1.94362  2 
 1.78816  1.95  2 
 1.75  1.9732  2 
 1.71726  2  2 
 1.7  2.01506  2 
 1.66726  2.05  2 
 1.65  2.06986  2 
 1.62741  2.1  2 
 1.6  2.14082  2 
 1.59386  2.15  2 
 1.56612  2.2  2 
 1.55  2.23692  2 
 1.54269  2.25  2 
 1.52343  2.3  2 
 1.51209  2.35  2 
 1.50851  2.4  2 
 1.51223  2.45  2 
 1.52253  2.5  2 
 1.5386  2.55  2 
 1.55  2.57821  2 
 1.5578  2.6  2 
 1.59832  2.7  2 
 1.6  2.70538  2 
 1.64819  2.8  2 
 1.65  2.80931  2 
 1.7  2.87032  2 
 1.75  2.85347  2 
 1.8  2.82207  2 
 1.82631  2.8  2 
 1.85  2.78811  2 
 1.9  2.75649  2 
 1.95  2.7254  2 
 1.99717  2.7  2 
 2  2.6986  2 
 2.05  2.67774  2 
 2.1  2.66127  2 
 2.15  2.64794  2 
 2.2  2.63573  2 
 2.25  2.62172  2 
 2.3  2.60726  2 
 2.32229  2.6  2 
 2.35  2.58994  2 
 2.4  2.56738  2 
 2.43022  2.55  2 
 2.45  2.53688  2 
 2.49432  2.5  2 
 2.5  2.49432  2 
 2.53689  2.45  2 
 2.55  2.43023  2 
 2.56738  2.4  2 
 2.58994  2.35  2 
 2.6  2.32229  2 
 2.60726  2.3  2 
 2.62172  2.25  2 
 2.63573  2.2  2 
 2.64794  2.15  2 
 2.66127  2.1  2 
 2.67774  2.05  2 
 2.6986  2  2 
 2.7  1.99717  2 
 2.7254  1.95  2 
 2.75649  1.9  2 
 2.78811  1.85  2 
 2.8  1.82631  2 
 2.82207  1.8  2 
 2.85347  1.75  2 
 2.87032  1.7  2 
 2.80931  1.65  2 

 1.29108  1.25  2 
 1.25  1.29075  2 

 1.39579  4  2 
 1.39669  3.75  2 
 1.39851  3.5  2 
 1.4  3.32001  2 
 1.40039  3.3  2 
 1.40125  3.2  2 
 1.40077  3.1  2 
 1.4  3.0494  2 
 1.39968  3  2 
 1.39897  2.9  2 
 1.3987  2.8  2 
 1.39909  2.7  2 
 1.4  2.64032  2 
 1.40168  2.6  2 
 1.40666  2.55  2 
 1.41179  2.5  2 
 1.41457  2.45  2 
 1.4113  2.4  2 
 1.4  2.35942  2 
 1.39919  2.35  2 
 1.39089  2.3  2 
 1.37766  2.25  2 
 1.35899  2.2  2 
 1.35  2.18131  2 
 1.34252  2.15  2 
 1.32825  2.1  2 
 1.31211  2.05  2 
 1.3  2.01529  2 
 1.29678  2  2 
 1.28579  1.95  2 
 1.2747  1.9  2 
 1.26367  1.85  2 
 1.25277  1.8  2 
 1.25  1.78731  2 

 4  1.39579  2 
 3.75  1.39669  2 
 3.5  1.39851  2 
 3.32  1.4  2 
 3.3  1.40039  2 
 3.2  1.40125  2 
 3.1  1.40077  2 
 3.0494  1.4  2 
 3  1.39968  2 
 2.9  1.39897  2 
 2.8  1.3987  2 
 2.7  1.39909  2 
 2.64032  1.4  2 
 2.6  1.40168  2 
 2.55  1.40666  2 
 2.5  1.41179  2 
 2.45  1.41457  2 
 2.4  1.4113  2 
 2.35942  1.4  2 
 2.35  1.39919  2 
 2.3  1.39089  2 
 2.25  1.37766  2 
 2.2  1.35899  2 
 2.18131  1.35  2 
 2.15  1.34252  2 
 2.1  1.32825  2 
 2.05  1.31211  2 
 2.01529  1.3  2 
 2  1.29678  2 
 1.95  1.28579  2 
 1.9  1.2747  2 
 1.85  1.26367  2 
 1.8  1.25277  2 
 1.78731  1.25  2 


# Contour 15, label:     1.92
 1.29783  1.25  1.92 
 1.25  1.29745  1.92 

 1.56713  4  1.92 
 1.56174  3.75  1.92 
 1.55104  3.5  1.92 
 1.55  3.48208  1.92 
 1.53626  3.3  1.92 
 1.53433  3.2  1.92 
 1.53535  3.1  1.92 
 1.53937  3  1.92 
 1.54332  2.9  1.92 
 1.54279  2.8  1.92 
 1.51882  2.7  1.92 
 1.5  2.64869  1.92 
 1.45  2.63623  1.92 
 1.4435  2.7  1.92 
 1.44218  2.8  1.92 
 1.44276  2.9  1.92 
 1.44436  3  1.92 
 1.44585  3.1  1.92 
 1.4463  3.2  1.92 
 1.44543  3.3  1.92 
 1.44151  3.5  1.92 
 1.43726  3.75  1.92 
 1.43515  4  1.92 

 1.75649  1.25  1.92 
 1.8  1.25951  1.92 
 1.85  1.27045  1.92 
 1.9  1.28152  1.92 
 1.95  1.29265  1.92 
 1.98344  1.3  1.92 
 2  1.30603  1.92 
 2.05  1.32349  1.92 
 2.1  1.33964  1.92 
 2.13628  1.35  1.92 
 2.15  1.35795  1.92 
 2.2  1.38194  1.92 
 2.24893  1.4  1.92 
 2.25  1.40152  1.92 
 2.3  1.44889  1.92 
 2.30208  1.45  1.92 
 2.3  1.45139  1.92 
 2.25128  1.5  1.92 
 2.25  1.50052  1.92 
 2.2  1.52954  1.92 
 2.17186  1.55  1.92 
 2.15  1.56245  1.92 
 2.1  1.59608  1.92 
 2.09485  1.6  1.92 
 2.05  1.63411  1.92 
 2.03041  1.65  1.92 
 2  1.67858  1.92 
 1.97804  1.7  1.92 
 1.95  1.7341  1.92 
 1.93749  1.75  1.92 
 1.91122  1.8  1.92 
 1.9  1.82286  1.92 
 1.88612  1.85  1.92 
 1.85  1.88612  1.92 
 1.82286  1.9  1.92 
 1.8  1.91122  1.92 
 1.75  1.93749  1.92 
 1.7341  1.95  1.92 
 1.7  1.97804  1.92 
 1.67858  2  1.92 
 1.65  2.03041  1.92 
 1.63411  2.05  1.92 
 1.6  2.09485  1.92 
 1.59608  2.1  1.92 
 1.56245  2.15  1.92 
 1.55  2.17186  1.92 
 1.52954  2.2  1.92 
 1.50052  2.25  1.92 
 1.5  2.25128  1.92 
 1.45139  2.3  1.92 
 1.45  2.30208  1.92 
 1.44889  2.3  1.92 
 1.40152  2.25  1.92 
 1.4  2.24893  1.92 
 1.38194  2.2  1.92 
 1.35795  2.15  1.92 
 1.35  2.13628  1.92 
 1.33964  2.1  1.92 
 1.32349  2.05  1.92 
 1.30603  2  1.92 
 1.3  1.98344  1.92 
 1.29265  1.95  1.92 
 1.28152  1.9  1.92 
 1.27045  1.85  1.92 
 1.25951  1.8  1.92 
 1.25  1.75649  1.92 

 4  1.80572  1.92 
 3.75  1.80155  1.92 
 3.5  1.80253  1.92 
 3.3  1.807  1.92 
 3.2  1.80848  1.92 
 3.1  1.80825  1.92 
 3  1.81157  1.92 
 2.9  1.8402  1.92 
 2.88966  1.85  1.92 
 2.83525  1.9  1.92 
 2.8  1.93779  1.92 
 2.7917  1.95  1.92 
 2.76162  2  1.92 
 2.7383  2.05  1.92 
 2.72088  2.1  1.92 
 2.7076  2.15  1.92 
 2.7  2.18384  1.92 
 2.69632  2.2  1.92 
 2.68362  2.25  1.92 
 2.67092  2.3  1.92 
 2.65665  2.35  1.92 
 2.63883  2.4  1.92 
 2.61557  2.45  1.92 
 2.6  2.47631  1.92 
 2.58386  2.5  1.92 
 2.55  2.54007  1.92 
 2.54007  2.55  1.92 
 2.5  2.58386  1.92 
 2.47631  2.6  1.92 
 2.45  2.61557  1.92 
 2.4  2.63883  1.92 
 2.35  2.65666  1.92 
 2.3  2.67092  1.92 
 2.25  2.68362  1.92 
 2.2  2.69632  1.92 
 2.18384  2.7  1.92 
 2.15  2.70761  1.92 
 2.1  2.72088  1.92 
 2.05  2.7383  1.92 
 2  2.76162  1.92 
 1.95  2.7917  1.92 
 1.93779  2.8  1.92 
 1.9  2.83525  1.92 
 1.85  2.88966  1.92 
 1.8402  2.9  1.92 
 1.81157  3  1.92 
 1.80825  3.1  1.92 
 1.80848  3.2  1.92 
 1.807  3.3  1.92 
 1.80253  3.5  1.92 
 1.80155  3.75  1.92 
 1.80572  4  1.92 

 4  1.43515  1.92 
 3.75  1.43726  1.92 
 3.5  1.44151  1.92 
 3.3  1.44543  1.92 
 3.2  1.4463  1.92 
 3.1  1.44585  1.92 
 3  1.44436  1.92 
 2.9  1.44276  1.92 
 2.8  1.44218  1.92 
 2.7  1.4435  1.92 
 2.63623  1.45  1.92 
 2.64869  1.5  1.92 
 2.7  1.51882  1.92 
 2.8  1.54279  1.92 
 2.9  1.54332  1.92 
 3  1.53937  1.92 
 3.1  1.53535  1.92 
 3.2  1.53433  1.92 
 3.3  1.53626  1.92 
 3.48208  1.55  1.92 
 3.5  1.55104  1.92 
 3.75  1.56174  1.92 
 4  1.56713  1.92 


# Contour 16, label:     1.84
 1.30719  1.25  1.84 
 1.3  1.25455  1.84 
 1.25419  1.3  1.84 
 1.25  1.30665  1.84 

 1.72635  1.25  1.84 
 1.75  1.25529  1.84 
 1.8  1.26625  1.84 
 1.85  1.27724  1.84 
 1.9  1.28834  1.84 
 1.95  1.2995  1.84 
 1.95227  1.3  1.84 
 2  1.31737  1.84 
 2.05  1.33486  1.84 
 2.0968  1.35  1.84 
 2.1  1.35211  1.84 
 2.15  1.38107  1.84 
 2.18967  1.4  1.84 
 2.2  1.4199  1.84 
 2.22093  1.45  1.84 
 2.2  1.47755  1.84 
 2.18635  1.5  1.84 
 2.15  1.52685  1.84 
 2.12337  1.55  1.84 
 2.1  1.56595  1.84 
 2.05524  1.6  1.84 
 2.05  1.60399  1.84 
 2  1.64475  1.84 
 1.99375  1.65  1.84 
 1.95  1.69273  1.84 
 1.94261  1.7  1.84 
 1.90323  1.75  1.84 
 1.9  1.75631  1.84 
 1.8801  1.8  1.84 
 1.85237  1.85  1.84 
 1.85  1.85237  1.84 
 1.8  1.8801  1.84 
 1.75631  1.9  1.84 
 1.75  1.90323  1.84 
 1.7  1.94261  1.84 
 1.69273  1.95  1.84 
 1.65  1.99375  1.84 
 1.64475  2  1.84 
 1.60399  2.05  1.84 
 1.6  2.05524  1.84 
 1.56595  2.1  1.84 
 1.55  2.12337  1.84 
 1.52685  2.15  1.84 
 1.5  2.18635  1.84 
 1.47755  2.2  1.84 
 1.45  2.22093  1.84 
 1.4199  2.2  1.84 
 1.4  2.18967  1.84 
 1.38107  2.15  1.84 
 1.35211  2.1  1.84 
 1.35  2.0968  1.84 
 1.33486  2.05  1.84 
 1.31737  2  1.84 
 1.3  1.95227  1.84 
 1.2995  1.95  1.84 
 1.28834  1.9  1.84 
 1.27724  1.85  1.84 
 1.26625  1.8  1.84 
 1.25529  1.75  1.84 
 1.25  1.72635  1.84 

 4  1.87168  1.84 
 3.75  1.8649  1.84 
 3.5  1.86328  1.84 
 3.3  1.86593  1.84 
 3.2  1.86698  1.84 
 3.1  1.86879  1.84 
 3  1.88171  1.84 
 2.95064  1.9  1.84 
 2.9  1.92238  1.84 
 2.87111  1.95  1.84 
 2.82935  2  1.84 
 2.8  2.04873  1.84 
 2.79938  2.05  1.84 
 2.7809  2.1  1.84 
 2.76737  2.15  1.84 
 2.75656  2.2  1.84 
 2.7452  2.25  1.84 
 2.73425  2.3  1.84 
 2.72246  2.35  1.84 
 2.70799  2.4  1.84 
 2.7  2.42189  1.84 
 2.68906  2.45  1.84 
 2.66411  2.5  1.84 
 2.63123  2.55  1.84 
 2.6  2.58686  1.84 
 2.58687  2.6  1.84 
 2.55  2.63124  1.84 
 2.5  2.66411  1.84 
 2.45  2.68906  1.84 
 2.42189  2.7  1.84 
 2.4  2.70799  1.84 
 2.35  2.72247  1.84 
 2.3  2.73425  1.84 
 2.25  2.7452  1.84 
 2.2  2.75656  1.84 
 2.15  2.76737  1.84 
 2.1  2.7809  1.84 
 2.05  2.79938  1.84 
 2.04873  2.8  1.84 
 2  2.82935  1.84 
 1.95  2.87111  1.84 
 1.92239  2.9  1.84 
 1.9  2.94983  1.84 
 1.88133  3  1.84 
 1.86879  3.1  1.84 
 1.86698  3.2  1.84 
 1.86593  3.3  1.84 
 1.86328  3.5  1.84 
 1.8649  3.75  1.84 
 1.87168  4  1.84 


# Contour 17, label:     1.76
 1.3178  1.25  1.76 
 1.3  1.26126  1.76 
 1.26095  1.3  1.76 
 1.25  1.31739  1.76 

 1.69651  1.25  1.76 
 1.7  1.2508  1.76 
 1.75  1.26198  1.76 
 1.8  1.27299  1.76 
 1.85  1.28402  1.76 
 1.9  1.29516  1.76 
 1.92167  1.3  1.76 
 1.95  1.31048  1.76 
 2  1.32872  1.76 
 2.05  1.34624  1.76 
 2.06163  1.35  1.76 
 2.1  1.37534  1.76 
 2.14271  1.4  1.76 
 2.15  1.41781  1.76 
 2.16629  1.45  1.76 
 2.15  1.47609  1.76 
 2.13735  1.5  1.76 
 2.1  1.53264  1.76 
 2.08224  1.55  1.76 
 2.05  1.5748  1.76 
 2.0193  1.6  1.76 
 2  1.61579  1.76 
 1.9593  1.65  1.76 
 1.95  1.65908  1.76 
 1.90843  1.7  1.76 
 1.9  1.7107  1.76 
 1.86997  1.75  1.76 
 1.85  1.79911  1.76 
 1.84961  1.8  1.76 
 1.8  1.84961  1.76 
 1.79911  1.85  1.76 
 1.75  1.86997  1.76 
 1.7107  1.9  1.76 
 1.7  1.90843  1.76 
 1.65908  1.95  1.76 
 1.65  1.9593  1.76 
 1.61579  2  1.76 
 1.6  2.0193  1.76 
 1.5748  2.05  1.76 
 1.55  2.08224  1.76 
 1.53264  2.1  1.76 
 1.5  2.13735  1.76 
 1.47609  2.15  1.76 
 1.45  2.16629  1.76 
 1.41781  2.15  1.76 
 1.4  2.14271  1.76 
 1.37534  2.1  1.76 
 1.35  2.06163  1.76 
 1.34624  2.05  1.76 
 1.32872  2  1.76 
 1.31048  1.95  1.76 
 1.3  1.92167  1.76 
 1.29516  1.9  1.76 
 1.28402  1.85  1.76 
 1.27299  1.8  1.76 
 1.26198  1.75  1.76 
 1.2508  1.7  1.76 
 1.25  1.69651  1.76 

 4  1.92692  1.76 
 3.75  1.91778  1.76 
 3.5  1.91431  1.76 
 3.3  1.91599  1.76 
 3.2  1.91694  1.76 
 3.1  1.92365  1.76 
 3  1.9448  1.76 
 2.98853  1.95  1.76 
 2.9067  2  1.76 
 2.9  2.00598  1.76 
 2.87014  2.05  1.76 
 2.8467  2.1  1.76 
 2.83062  2.15  1.76 
 2.8188  2.2  1.76 
 2.80745  2.25  1.76 
 2.8  2.2858  1.76 
 2.79729  2.3  1.76 
 2.78791  2.35  1.76 
 2.77694  2.4  1.76 
 2.76281  2.45  1.76 
 2.74404  2.5  1.76 
 2.71891  2.55  1.76 
 2.7  2.57927  1.76 
 2.68542  2.6  1.76 
 2.6  2.68541  1.76 
 2.57926  2.7  1.76 
 2.55  2.71891  1.76 
 2.5  2.74404  1.76 
 2.45  2.76281  1.76 
 2.4  2.77694  1.76 
 2.35  2.78791  1.76 
 2.3  2.79729  1.76 
 2.2858  2.8  1.76 
 2.25  2.8075  1.76 
 2.2  2.8188  1.76 
 2.15  2.83062  1.76 
 2.1  2.8467  1.76 
 2.05  2.87014  1.76 
 2.00598  2.9  1.76 
 2  2.9067  1.76 
 1.95  2.98853  1.76 
 1.94474  3  1.76 
 1.92365  3.1  1.76 
 1.91694  3.2  1.76 
 1.91599  3.3  1.76 
 1.91431  3.5  1.76 
 1.91778  3.75  1.76 
 1.92692  4  1.76 


# Contour 18, label:     1.68
 1.3284  1.25  1.68 
 1.3  1.26798  1.68 
 1.26772  1.3  1.68 
 1.25  1.32813  1.68 

 1.66752  1.25  1.68 
 1.7  1.25748  1.68 
 1.75  1.26868  1.68 
 1.8  1.27973  1.68 
 1.85  1.2908  1.68 
 1.89117  1.3  1.68 
 1.9  1.30327  1.68 
 1.95  1.32178  1.68 
 2  1.34006  1.68 
 2.02834  1.35  1.68 
 2.05  1.36558  1.68 
 2.1  1.39857  1.68 
 2.10248  1.4  1.68 
 2.12243  1.45  1.68 
 2.1  1.49131  1.68 
 2.0958  1.5  1.68 
 2.05  1.54479  1.68 
 2.04503  1.55  1.68 
 2  1.58722  1.68 
 1.98499  1.6  1.68 
 1.95  1.62961  1.68 
 1.92585  1.65  1.68 
 1.9  1.67546  1.68 
 1.87475  1.7  1.68 
 1.85  1.7325  1.68 
 1.83744  1.75  1.68 
 1.81421  1.8  1.68 
 1.8  1.81421  1.68 
 1.75  1.83744  1.68 
 1.7325  1.85  1.68 
 1.7  1.87475  1.68 
 1.67546  1.9  1.68 
 1.65  1.92585  1.68 
 1.62961  1.95  1.68 
 1.6  1.98499  1.68 
 1.58722  2  1.68 
 1.55  2.04503  1.68 
 1.54479  2.05  1.68 
 1.5  2.0958  1.68 
 1.49131  2.1  1.68 
 1.45  2.12243  1.68 
 1.4  2.10248  1.68 
 1.39857  2.1  1.68 
 1.36558  2.05  1.68 
 1.35  2.02834  1.68 
 1.34006  2  1.68 
 1.32178  1.95  1.68 
 1.30327  1.9  1.68 
 1.3  1.89117  1.68 
 1.2908  1.85  1.68 
 1.27973  1.8  1.68 
 1.26868  1.75  1.68 
 1.25748  1.7  1.68 
 1.25  1.66752  1.68 

 4  1.98183  1.68 
 3.75  1.96938  1.68 
 3.5  1.96372  1.68 
 3.3  1.96469  1.68 
 3.2  1.96639  1.68 
 3.1  1.98156  1.68 
 3.04004  2  1.68 
 3  2.01787  1.68 
 2.9614  2.05  1.68 
 2.92193  2.1  1.68 
 2.9  2.14422  1.68 
 2.89804  2.15  1.68 
 2.88624  2.2  1.68 
 2.87615  2.25  1.68 
 2.86748  2.3  1.68 
 2.8601  2.35  1.68 
 2.85207  2.4  1.68 
 2.84223  2.45  1.68 
 2.82909  2.5  1.68 
 2.81082  2.55  1.68 
 2.8  2.5734  1.68 
 2.78836  2.6  1.68 
 2.72037  2.7  1.68 
 2.7  2.72037  1.68 
 2.6  2.78836  1.68 
 2.5734  2.8  1.68 
 2.55  2.81082  1.68 
 2.5  2.82909  1.68 
 2.45  2.84223  1.68 
 2.4  2.85207  1.68 
 2.35  2.8601  1.68 
 2.3  2.86748  1.68 
 2.25  2.8767  1.68 
 2.2  2.88624  1.68 
 2.15  2.89804  1.68 
 2.14422  2.9  1.68 
 2.1  2.92193  1.68 
 2.05  2.9614  1.68 
 2.01787  3  1.68 
 2  3.04004  1.68 
 1.98156  3.1  1.68 
 1.96639  3.2  1.68 
 1.96468  3.3  1.68 
 1.96372  3.5  1.68 
 1.96938  3.75  1.68 
 1.98183  4  1.68 


# Contour 19, label:      1.6
 1.33901  1.25  1.6 
 1.3  1.27469  1.6 
 1.27448  1.3  1.6 
 1.25  1.33887  1.6 

 1.63871  1.25  1.6 
 1.65  1.25264  1.6 
 1.7  1.26415  1.6 
 1.75  1.27538  1.6 
 1.8  1.28646  1.6 
 1.85  1.29759  1.6 
 1.86081  1.3  1.6 
 1.9  1.31451  1.6 
 1.95  1.33308  1.6 
 1.99618  1.35  1.6 
 2  1.35288  1.6 
 2.05  1.38886  1.6 
 2.06689  1.4  1.6 
 2.08384  1.45  1.6 
 2.05931  1.5  1.6 
 2.05  1.50911  1.6 
 2.01102  1.55  1.6 
 2  1.55911  1.6 
 1.95199  1.6  1.6 
 1.95  1.60168  1.6 
 1.9  1.64412  1.6 
 1.89294  1.65  1.6 
 1.85  1.69179  1.6 
 1.84155  1.7  1.6 
 1.80586  1.75  1.6 
 1.8  1.76183  1.6 
 1.76183  1.8  1.6 
 1.75  1.80586  1.6 
 1.7  1.84155  1.6 
 1.69179  1.85  1.6 
 1.65  1.89294  1.6 
 1.64412  1.9  1.6 
 1.60168  1.95  1.6 
 1.6  1.95199  1.6 
 1.55911  2  1.6 
 1.55  2.01102  1.6 
 1.50911  2.05  1.6 
 1.5  2.05931  1.6 
 1.45  2.08384  1.6 
 1.4  2.06689  1.6 
 1.38886  2.05  1.6 
 1.35288  2  1.6 
 1.35  1.99618  1.6 
 1.33308  1.95  1.6 
 1.31451  1.9  1.6 
 1.3  1.86081  1.6 
 1.29759  1.85  1.6 
 1.28646  1.8  1.6 
 1.27538  1.75  1.6 
 1.26415  1.7  1.6 
 1.25264  1.65  1.6 
 1.25  1.63871  1.6 

 4  2.04377  1.6 
 3.75  2.02598  1.6 
 3.5  2.01715  1.6 
 3.3  2.01726  1.6 
 3.2  2.02293  1.6 
 3.10547  2.05  1.6 
 3.1  2.05243  1.6 
 3.03038  2.1  1.6 
 3  2.13586  1.6 
 2.99214  2.15  1.6 
 2.974  2.2  1.6 
 2.96144  2.25  1.6 
 2.95171  2.3  1.6 
 2.94543  2.35  1.6 
 2.94018  2.4  1.6 
 2.93479  2.45  1.6 
 2.92863  2.5  1.6 
 2.92129  2.55  1.6 
 2.91085  2.6  1.6 
 2.9  2.63331  1.6 
 2.87274  2.7  1.6 
 2.80354  2.8  1.6 
 2.8  2.80354  1.6 
 2.7  2.87274  1.6 
 2.63331  2.9  1.6 
 2.6  2.91085  1.6 
 2.55  2.92127  1.6 
 2.5  2.92863  1.6 
 2.45  2.93479  1.6 
 2.4  2.94018  1.6 
 2.35  2.94543  1.6 
 2.3  2.95171  1.6 
 2.25  2.96182  1.6 
 2.2  2.974  1.6 
 2.15  2.99214  1.6 
 2.13586  3  1.6 
 2.1  3.03038  1.6 
 2.05243  3.1  1.6 
 2.05  3.10547  1.6 
 2.02293  3.2  1.6 
 2.01726  3.3  1.6 
 2.01716  3.5  1.6 
 2.02598  3.75  1.6 
 2.04377  4  1.6 


# Contour 20, label:     1.52
 1.34961  1.25  1.52 
 1.3  1.2814  1.52 
 1.28125  1.3  1.52 
 1.25  1.34961  1.52 

 1.61018  1.25  1.52 
 1.65  1.25931  1.52 
 1.7  1.27082  1.52 
 1.75  1.28207  1.52 
 1.8  1.2932  1.52 
 1.83052  1.3  1.52 
 1.85  1.30719  1.52 
 1.9  1.32575  1.52 
 1.95  1.34438  1.52 
 1.96534  1.35  1.52 
 2  1.37615  1.52 
 2.03314  1.4  1.52 
 2.04831  1.45  1.52 
 2.02535  1.5  1.52 
 2  1.52656  1.52 
 1.97846  1.55  1.52 
 1.95  1.57437  1.52 
 1.92023  1.6  1.52 
 1.9  1.6172  1.52 
 1.86064  1.65  1.52 
 1.85  1.66036  1.52 
 1.80923  1.7  1.52 
 1.8  1.71298  1.52 
 1.77172  1.75  1.52 
 1.75  1.77172  1.52 
 1.71298  1.8  1.52 
 1.7  1.80923  1.52 
 1.66036  1.85  1.52 
 1.65  1.86064  1.52 
 1.6172  1.9  1.52 
 1.6  1.92023  1.52 
 1.57437  1.95  1.52 
 1.55  1.97847  1.52 
 1.52656  2  1.52 
 1.5  2.02535  1.52 
 1.45  2.04831  1.52 
 1.4  2.03314  1.52 
 1.37615  2  1.52 
 1.35  1.96534  1.52 
 1.34438  1.95  1.52 
 1.32575  1.9  1.52 
 1.30719  1.85  1.52 
 1.3  1.83052  1.52 
 1.2932  1.8  1.52 
 1.28207  1.75  1.52 
 1.27082  1.7  1.52 
 1.25931  1.65  1.52 
 1.25  1.61018  1.52 

 4  2.09142  1.52 
 3.75  2.09555  1.52 
 3.5  2.06988  1.52 
 3.3  2.06988  1.52 
 3.2  2.09755  1.52 
 3.19461  2.1  1.52 
 3.12516  2.15  1.52 
 3.1  2.18251  1.52 
 3.08935  2.2  1.52 
 3.06908  2.25  1.52 
 3.05583  2.3  1.52 
 3.04876  2.35  1.52 
 3.04589  2.4  1.52 
 3.04261  2.45  1.52 
 3.03861  2.5  1.52 
 3.03315  2.55  1.52 
 3.02555  2.6  1.52 
 3.00338  2.7  1.52 
 3  2.70944  1.52 
 2.96069  2.8  1.52 
 2.9  2.88427  1.52 
 2.88427  2.9  1.52 
 2.8  2.96069  1.52 
 2.70944  3  1.52 
 2.7  3.00338  1.52 
 2.6  3.02555  1.52 
 2.55  3.03312  1.52 
 2.5  3.03859  1.52 
 2.45  3.04261  1.52 
 2.4  3.04589  1.52 
 2.35  3.04876  1.52 
 2.3  3.05583  1.52 
 2.25  3.06908  1.52 
 2.2  3.08865  1.52 
 2.18168  3.1  1.52 
 2.15  3.12516  1.52 
 2.1  3.19461  1.52 
 2.09755  3.2  1.52 
 2.06989  3.3  1.52 
 2.06988  3.5  1.52 
 2.09555  3.75  1.52 
 2.09144  4  1.52 


# Contour 21, label:     1.44
 1.36929  1.25  1.44 
 1.35  1.25651  1.44 
 1.3  1.28811  1.44 
 1.28801  1.3  1.44 
 1.25651  1.35  1.44 
 1.25  1.36929  1.44 

 1.57975  1.25  1.44 
 1.6  1.25429  1.44 
 1.65  1.26598  1.44 
 1.7  1.2775  1.44 
 1.75  1.28877  1.44 
 1.8  1.29994  1.44 
 1.80027  1.3  1.44 
 1.85  1.31835  1.44 
 1.9  1.33699  1.44 
 1.93487  1.35  1.44 
 1.95  1.36165  1.44 
 2  1.39942  1.44 
 2.0008  1.4  1.44 
 2.01574  1.45  1.44 
 2  1.48369  1.44 
 1.99271  1.5  1.44 
 1.95  1.54639  1.44 
 1.94673  1.55  1.44 
 1.9  1.59042  1.44 
 1.88886  1.6  1.44 
 1.85  1.63264  1.44 
 1.82908  1.65  1.44 
 1.8  1.67831  1.44 
 1.77984  1.7  1.44 
 1.75  1.73693  1.44 
 1.73693  1.75  1.44 
 1.7  1.77984  1.44 
 1.67831  1.8  1.44 
 1.65  1.82908  1.44 
 1.63264  1.85  1.44 
 1.6  1.88886  1.44 
 1.59042  1.9  1.44 
 1.55  1.94673  1.44 
 1.54639  1.95  1.44 
 1.5  1.99271  1.44 
 1.48369  2  1.44 
 1.45  2.01574  1.44 
 1.4  2.0008  1.44 
 1.39942  2  1.44 
 1.36165  1.95  1.44 
 1.35  1.93487  1.44 
 1.33699  1.9  1.44 
 1.31835  1.85  1.44 
 1.3  1.80027  1.44 
 1.29994  1.8  1.44 
 1.28877  1.75  1.44 
 1.2775  1.7  1.44 
 1.26598  1.65  1.44 
 1.25429  1.6  1.44 
 1.25  1.57975  1.44 

 4  2.27076  1.44 
 3.93146  2.25  1.44 
 3.75  2.2018  1.44 
 3.7386  2.2  1.44 
 3.58931  2.15  1.44 
 3.5  2.12949  1.44 
 3.3  2.13088  1.44 
 3.27113  2.15  1.44 
 3.24853  2.2  1.44 
 3.20125  2.25  1.44 
 3.2  2.25167  1.44 
 3.17655  2.3  1.44 
 3.16343  2.35  1.44 
 3.15701  2.4  1.44 
 3.15206  2.45  1.44 
 3.14784  2.5  1.44 
 3.14336  2.55  1.44 
 3.13834  2.6  1.44 
 3.12418  2.7  1.44 
 3.10072  2.8  1.44 
 3.1  2.80217  1.44 
 3.06291  2.9  1.44 
 3  2.98796  1.44 
 2.98796  3  1.44 
 2.9  3.06291  1.44 
 2.80217  3.1  1.44 
 2.8  3.10072  1.44 
 2.7  3.12418  1.44 
 2.6  3.13834  1.44 
 2.55  3.14334  1.44 
 2.5  3.14784  1.44 
 2.45  3.15206  1.44 
 2.4  3.15701  1.44 
 2.35  3.16343  1.44 
 2.3  3.17655  1.44 
 2.25167  3.2  1.44 
 2.25  3.20125  1.44 
 2.2  3.24853  1.44 
 2.172  3.3  1.44 
 2.15  3.38733  1.44 
 2.12966  3.5  1.44 
 2.15  3.58846  1.44 
 2.2  3.73859  1.44 
 2.2018  3.75  1.44 
 2.25  3.93146  1.44 
 2.27076  4  1.44 


# Contour 22, label:     1.36
 2.83809  3.3  1.36 
 2.8  3.28504  1.36 
 2.7  3.27285  1.36 
 2.6  3.27235  1.36 
 2.55  3.27476  1.36 
 2.5  3.2789  1.36 
 2.45  3.28538  1.36 
 2.4  3.29548  1.36 
 2.38638  3.3  1.36 
 2.35  3.40795  1.36 
 2.33373  3.5  1.36 
 2.35  3.56184  1.36 
 2.4  3.69691  1.36 
 2.42743  3.75  1.36 
 2.45  3.77798  1.36 
 2.5  3.82559  1.36 
 2.55  3.86325  1.36 
 2.6  3.89246  1.36 
 2.7  3.92565  1.36 
 2.8  3.90308  1.36 
 2.878  3.75  1.36 
 2.87598  3.5  1.36 
 2.83809  3.3  1.36 

 3.77798  2.45  1.36 
 3.75  2.42743  1.36 
 3.69691  2.4  1.36 
 3.56184  2.35  1.36 
 3.5  2.33373  1.36 
 3.40794  2.35  1.36 
 3.3  2.38638  1.36 
 3.29548  2.4  1.36 
 3.28538  2.45  1.36 
 3.2789  2.5  1.36 
 3.27476  2.55  1.36 
 3.27235  2.6  1.36 
 3.27285  2.7  1.36 
 3.28504  2.8  1.36 
 3.3  2.83809  1.36 
 3.5  2.87598  1.36 
 3.75  2.87797  1.36 
 3.90296  2.8  1.36 
 3.92565  2.7  1.36 
 3.89246  2.6  1.36 
 3.86325  2.55  1.36 
 3.82559  2.5  1.36 
 3.77798  2.45  1.36 

 1.38932  1.25  1.36 
 1.35  1.26327  1.36 
 1.3  1.29482  1.36 
 1.29478  1.3  1.36 
 1.26327  1.35  1.36 
 1.25  1.38932  1.36 

 1.54752  1.25  1.36 
 1.55  1.25037  1.36 
 1.6  1.26097  1.36 
 1.65  1.27265  1.36 
 1.7  1.28417  1.36 
 1.75  1.29546  1.36 
 1.7703  1.3  1.36 
 1.8  1.31097  1.36 
 1.85  1.32952  1.36 
 1.9  1.34823  1.36 
 1.90476  1.35  1.36 
 1.95  1.38485  1.36 
 1.97006  1.4  1.36 
 1.98409  1.45  1.36 
 1.96155  1.5  1.36 
 1.95  1.51255  1.36 
 1.91608  1.55  1.36 
 1.9  1.56391  1.36 
 1.85803  1.6  1.36 
 1.85  1.60675  1.36 
 1.8  1.64831  1.36 
 1.79806  1.65  1.36 
 1.75163  1.7  1.36 
 1.75  1.70201  1.36 
 1.70201  1.75  1.36 
 1.7  1.75163  1.36 
 1.65  1.79806  1.36 
 1.64831  1.8  1.36 
 1.60675  1.85  1.36 
 1.6  1.85803  1.36 
 1.56391  1.9  1.36 
 1.55  1.91608  1.36 
 1.51255  1.95  1.36 
 1.5  1.96155  1.36 
 1.45  1.98409  1.36 
 1.4  1.97006  1.36 
 1.38485  1.95  1.36 
 1.35  1.90476  1.36 
 1.34823  1.9  1.36 
 1.32952  1.85  1.36 
 1.31097  1.8  1.36 
 1.3  1.7703  1.36 
 1.29546  1.75  1.36 
 1.28417  1.7  1.36 
 1.27265  1.65  1.36 
 1.26097  1.6  1.36 
 1.25037  1.55  1.36 
 1.25  1.54752  1.36 


# Contour 23, label:     1.28
 1.42724  1.25  1.28 
 1.4  1.25315  1.28 
 1.35  1.27002  1.28 
 1.30245  1.3  1.28 
 1.3  1.30245  1.28 
 1.27002  1.35  1.28 
 1.25315  1.4  1.28 
 1.25  1.42724  1.28 

 1.50277  1.25  1.28 
 1.55  1.25706  1.28 
 1.6  1.26764  1.28 
 1.65  1.27932  1.28 
 1.7  1.29084  1.28 
 1.74048  1.3  1.28 
 1.75  1.30354  1.28 
 1.8  1.32204  1.28 
 1.85  1.34068  1.28 
 1.87489  1.35  1.28 
 1.9  1.36942  1.28 
 1.93964  1.4  1.28 
 1.95  1.43822  1.28 
 1.95329  1.45  1.28 
 1.95  1.45726  1.28 
 1.93107  1.5  1.28 
 1.9  1.53424  1.28 
 1.8858  1.55  1.28 
 1.85  1.58092  1.28 
 1.82791  1.6  1.28 
 1.8  1.62333  1.28 
 1.76941  1.65  1.28 
 1.75  1.67092  1.28 
 1.72463  1.7  1.28 
 1.7  1.72463  1.28 
 1.67092  1.75  1.28 
 1.65  1.76941  1.28 
 1.62333  1.8  1.28 
 1.6  1.82791  1.28 
 1.58092  1.85  1.28 
 1.55  1.8858  1.28 
 1.53424  1.9  1.28 
 1.5  1.93107  1.28 
 1.45726  1.95  1.28 
 1.45  1.95329  1.28 
 1.43822  1.95  1.28 
 1.4  1.93964  1.28 
 1.36942  1.9  1.28 
 1.35  1.87489  1.28 
 1.34068  1.85  1.28 
 1.32204  1.8  1.28 
 1.30354  1.75  1.28 
 1.3  1.74048  1.28 
 1.29084  1.7  1.28 
 1.27932  1.65  1.28 
 1.26764  1.6  1.28 
 1.25706  1.55  1.28 
 1.25  1.50277  1.28 


# Contour 24, label:      1.2
 1.90976  1.4  1.2 
 1.9  1.39247  1.2 
 1.85  1.35377  1.2 
 1.84512  1.35  1.2 
 1.8  1.33311  1.2 
 1.75  1.31449  1.2 
 1.71098  1.3  1.2 
 1.7  1.29752  1.2 
 1.65  1.28599  1.2 
 1.6  1.27432  1.2 
 1.55  1.26374  1.2 
 1.5  1.25629  1.2 
 1.45  1.2541  1.2 
 1.4  1.25989  1.2 
 1.35  1.27678  1.2 
 1.31317  1.3  1.2 
 1.3  1.31317  1.2 
 1.27678  1.35  1.2 
 1.25989  1.4  1.2 
 1.2541  1.45  1.2 
 1.25629  1.5  1.2 
 1.26374  1.55  1.2 
 1.27432  1.6  1.2 
 1.28599  1.65  1.2 
 1.29752  1.7  1.2 
 1.3  1.71098  1.2 
 1.31449  1.75  1.2 
 1.33311  1.8  1.2 
 1.35  1.84512  1.2 
 1.35377  1.85  1.2 
 1.39247  1.9  1.2 
 1.4  1.90976  1.2 
 1.45  1.92333  1.2 
 1.5  1.90098  1.2 
 1.50108  1.9  1.2 
 1.55  1.85592  1.2 
 1.55511  1.85  1.2 
 1.59834  1.8  1.2 
 1.6  1.79814  1.2 
 1.64204  1.75  1.2 
 1.65  1.74213  1.2 
 1.69765  1.7  1.2 
 1.7  1.69765  1.2 
 1.74213  1.65  1.2 
 1.75  1.64204  1.2 
 1.79814  1.6  1.2 
 1.8  1.59834  1.2 
 1.85  1.55511  1.2 
 1.85592  1.55  1.2 
 1.9  1.50108  1.2 
 1.90098  1.5  1.2 
 1.92333  1.45  1.2 
 1.90976  1.4  1.2 


# Contour 25, label:     1.12
 1.88015  1.4  1.12 
 1.85  1.37662  1.12 
 1.81555  1.35  1.12 
 1.8  1.34418  1.12 
 1.75  1.32545  1.12 
 1.7  1.3068  1.12 
 1.68183  1.3  1.12 
 1.65  1.29267  1.12 
 1.6  1.28099  1.12 
 1.55  1.27043  1.12 
 1.5  1.26299  1.12 
 1.45  1.26082  1.12 
 1.4  1.26663  1.12 
 1.35  1.28354  1.12 
 1.32388  1.3  1.12 
 1.3  1.32388  1.12 
 1.28354  1.35  1.12 
 1.26663  1.4  1.12 
 1.26082  1.45  1.12 
 1.26299  1.5  1.12 
 1.27043  1.55  1.12 
 1.28099  1.6  1.12 
 1.29267  1.65  1.12 
 1.3  1.68183  1.12 
 1.3068  1.7  1.12 
 1.32545  1.75  1.12 
 1.34418  1.8  1.12 
 1.35  1.81555  1.12 
 1.37662  1.85  1.12 
 1.4  1.88015  1.12 
 1.45  1.89359  1.12 
 1.5  1.87153  1.12 
 1.52385  1.85  1.12 
 1.55  1.82666  1.12 
 1.57311  1.8  1.12 
 1.6  1.76985  1.12 
 1.61733  1.75  1.12 
 1.65  1.7177  1.12 
 1.67001  1.7  1.12 
 1.7  1.67001  1.12 
 1.7177  1.65  1.12 
 1.75  1.61733  1.12 
 1.76985  1.6  1.12 
 1.8  1.57311  1.12 
 1.82666  1.55  1.12 
 1.85  1.52385  1.12 
 1.87153  1.5  1.12 
 1.89359  1.45  1.12 
 1.88015  1.4  1.12 


# Contour 26, label:     1.04
 1.85068  1.4  1.04 
 1.85  1.39947  1.04 
 1.8  1.36071  1.04 
 1.78617  1.35  1.04 
 1.75  1.33641  1.04 
 1.7  1.31763  1.04 
 1.65288  1.3  1.04 
 1.65  1.29934  1.04 
 1.6  1.28767  1.04 
 1.55  1.27711  1.04 
 1.5  1.26969  1.04 
 1.45  1.26754  1.04 
 1.4  1.27337  1.04 
 1.35  1.29029  1.04 
 1.3346  1.3  1.04 
 1.3  1.3346  1.04 
 1.29029  1.35  1.04 
 1.27337  1.4  1.04 
 1.26754  1.45  1.04 
 1.26969  1.5  1.04 
 1.27711  1.55  1.04 
 1.28767  1.6  1.04 
 1.29934  1.65  1.04 
 1.3  1.65288  1.04 
 1.31763  1.7  1.04 
 1.33641  1.75  1.04 
 1.35  1.78617  1.04 
 1.36071  1.8  1.04 
 1.39947  1.85  1.04 
 1.4  1.85068  1.04 
 1.45  1.86425  1.04 
 1.48219  1.85  1.04 
 1.5  1.84225  1.04 
 1.54729  1.8  1.04 
 1.55  1.79764  1.04 
 1.59254  1.75  1.04 
 1.6  1.74229  1.04 
 1.64279  1.7  1.04 
 1.65  1.69035  1.04 
 1.69035  1.65  1.04 
 1.7  1.64279  1.04 
 1.74229  1.6  1.04 
 1.75  1.59254  1.04 
 1.79764  1.55  1.04 
 1.8  1.54729  1.04 
 1.84225  1.5  1.04 
 1.85  1.48219  1.04 
 1.86425  1.45  1.04 
 1.85068  1.4  1.04 


# Contour 27, label:     0.96
 1.82156  1.4  0.96 
 1.8  1.38328  0.96 
 1.75701  1.35  0.96 
 1.75  1.34737  0.96 
 1.7  1.32845  0.96 
 1.65  1.30964  0.96 
 1.62425  1.3  0.96 
 1.6  1.29434  0.96 
 1.55  1.2838  0.96 
 1.5  1.27639  0.96 
 1.45  1.27426  0.96 
 1.4  1.28011  0.96 
 1.35  1.29705  0.96 
 1.34532  1.3  0.96 
 1.3  1.34532  0.96 
 1.29705  1.35  0.96 
 1.28011  1.4  0.96 
 1.27426  1.45  0.96 
 1.27639  1.5  0.96 
 1.2838  1.55  0.96 
 1.29434  1.6  0.96 
 1.3  1.62425  0.96 
 1.30964  1.65  0.96 
 1.32845  1.7  0.96 
 1.34737  1.75  0.96 
 1.35  1.75701  0.96 
 1.38328  1.8  0.96 
 1.4  1.82156  0.96 
 1.45  1.83517  0.96 
 1.5  1.81343  0.96 
 1.51503  1.8  0.96 
 1.55  1.76964  0.96 
 1.56753  1.75  0.96 
 1.6  1.71646  0.96 
 1.61666  1.7  0.96 
 1.65  1.65535  0.96 
 1.65535  1.65  0.96 
 1.7  1.61666  0.96 
 1.71646  1.6  0.96 
 1.75  1.56753  0.96 
 1.76964  1.55  0.96 
 1.8  1.51503  0.96 
 1.81343  1.5  0.96 
 1.83517  1.45  0.96 
 1.82156  1.4  0.96 


# Contour 28, label:     0.88
 1.80632  1.45  0.88 
 1.8  1.42711  0.88 
 1.79259  1.4  0.88 
 1.75  1.36688  0.88 
 1.72829  1.35  0.88 
 1.7  1.33928  0.88 
 1.65  1.32035  0.88 
 1.6  1.30162  0.88 
 1.59517  1.3  0.88 
 1.55  1.29048  0.88 
 1.5  1.28309  0.88 
 1.45  1.28098  0.88 
 1.4  1.28685  0.88 
 1.3612  1.3  0.88 
 1.35  1.30602  0.88 
 1.30602  1.35  0.88 
 1.3  1.3612  0.88 
 1.28685  1.4  0.88 
 1.28098  1.45  0.88 
 1.28309  1.5  0.88 
 1.29048  1.55  0.88 
 1.3  1.59517  0.88 
 1.30162  1.6  0.88 
 1.32035  1.65  0.88 
 1.33928  1.7  0.88 
 1.35  1.72829  0.88 
 1.36688  1.75  0.88 
 1.4  1.79259  0.88 
 1.42712  1.8  0.88 
 1.45  1.80632  0.88 
 1.46454  1.8  0.88 
 1.5  1.78506  0.88 
 1.54037  1.75  0.88 
 1.55  1.74209  0.88 
 1.59072  1.7  0.88 
 1.6  1.69178  0.88 
 1.63425  1.65  0.88 
 1.65  1.63425  0.88 
 1.69178  1.6  0.88 
 1.7  1.59072  0.88 
 1.74209  1.55  0.88 
 1.75  1.54037  0.88 
 1.78506  1.5  0.88 
 1.8  1.46454  0.88 
 1.80632  1.45  0.88 


# Contour 29, label:      0.8
 1.76401  1.4  0.8 
 1.75  1.38911  0.8 
 1.7  1.35022  0.8 
 1.69971  1.35  0.8 
 1.65  1.33106  0.8 
 1.6  1.31229  0.8 
 1.56344  1.3  0.8 
 1.55  1.29717  0.8 
 1.5  1.28979  0.8 
 1.45  1.2877  0.8 
 1.4  1.29359  0.8 
 1.38109  1.3  0.8 
 1.35  1.31671  0.8 
 1.31671  1.35  0.8 
 1.3  1.38109  0.8 
 1.29359  1.4  0.8 
 1.2877  1.45  0.8 
 1.28979  1.5  0.8 
 1.29717  1.55  0.8 
 1.3  1.56344  0.8 
 1.31229  1.6  0.8 
 1.33106  1.65  0.8 
 1.35  1.69971  0.8 
 1.35022  1.7  0.8 
 1.38911  1.75  0.8 
 1.4  1.76401  0.8 
 1.45  1.77799  0.8 
 1.5  1.75708  0.8 
 1.50815  1.75  0.8 
 1.55  1.71564  0.8 
 1.56513  1.7  0.8 
 1.6  1.6691  0.8 
 1.61566  1.65  0.8 
 1.65  1.61566  0.8 
 1.6691  1.6  0.8 
 1.7  1.56513  0.8 
 1.71564  1.55  0.8 
 1.75  1.50815  0.8 
 1.75708  1.5  0.8 
 1.77799  1.45  0.8 
 1.76401  1.4  0.8 


# Contour 30, label:     0.72
 1.73579  1.4  0.72 
 1.7  1.37201  0.72 
 1.67162  1.35  0.72 
 1.65  1.34176  0.72 
 1.6  1.32296  0.72 
 1.55  1.30615  0.72 
 1.52378  1.3  0.72 
 1.5  1.29649  0.72 
 1.45  1.29442  0.72 
 1.40279  1.3  0.72 
 1.4  1.30052  0.72 
 1.35  1.3274  0.72 
 1.3274  1.35  0.72 
 1.30052  1.4  0.72 
 1.3  1.40279  0.72 
 1.29442  1.45  0.72 
 1.29649  1.5  0.72 
 1.3  1.52378  0.72 
 1.30615  1.55  0.72 
 1.32296  1.6  0.72 
 1.34176  1.65  0.72 
 1.35  1.67162  0.72 
 1.37201  1.7  0.72 
 1.4  1.73579  0.72 
 1.45  1.74981  0.72 
 1.5  1.72993  0.72 
 1.53658  1.7  0.72 
 1.55  1.68998  0.72 
 1.59559  1.65  0.72 
 1.6  1.63941  0.72 
 1.63941  1.6  0.72 
 1.65  1.59559  0.72 
 1.68998  1.55  0.72 
 1.7  1.53658  0.72 
 1.72993  1.5  0.72 
 1.74981  1.45  0.72 
 1.73579  1.4  0.72 


# Contour 31, label:     0.64
 1.70793  1.4  0.64 
 1.7  1.3938  0.64 
 1.65  1.3549  0.64 
 1.64347  1.35  0.64 
 1.6  1.33363  0.64 
 1.55  1.31682  0.64 
 1.5  1.30508  0.64 
 1.45  1.30181  0.64 
 1.4  1.31119  0.64 
 1.35  1.3381  0.64 
 1.3381  1.35  0.64 
 1.31119  1.4  0.64 
 1.30181  1.45  0.64 
 1.30508  1.5  0.64 
 1.31682  1.55  0.64 
 1.33363  1.6  0.64 
 1.35  1.64347  0.64 
 1.3549  1.65  0.64 
 1.3938  1.7  0.64 
 1.4  1.70793  0.64 
 1.45  1.7225  0.64 
 1.5  1.70307  0.64 
 1.50376  1.7  0.64 
 1.55  1.66548  0.64 
 1.56765  1.65  0.64 
 1.59366  1.6  0.64 
 1.6  1.59366  0.64 
 1.65  1.56765  0.64 
 1.66548  1.55  0.64 
 1.7  1.50376  0.64 
 1.70307  1.5  0.64 
 1.7225  1.45  0.64 
 1.70793  1.4  0.64 


# Contour 32, label:     0.56
 1.68052  1.4  0.56 
 1.65  1.37616  0.56 
 1.61515  1.35  0.56 
 1.6  1.34429  0.56 
 1.55  1.32749  0.56 
 1.5  1.31574  0.56 
 1.45  1.31247  0.56 
 1.4  1.32187  0.56 
 1.35  1.34879  0.56 
 1.34879  1.35  0.56 
 1.32187  1.4  0.56 
 1.31247  1.45  0.56 
 1.31574  1.5  0.56 
 1.32749  1.55  0.56 
 1.34429  1.6  0.56 
 1.35  1.61515  0.56 
 1.37616  1.65  0.56 
 1.4  1.68052  0.56 
 1.45  1.69535  0.56 
 1.5  1.67733  0.56 
 1.53717  1.65  0.56 
 1.55  1.64164  0.56 
 1.57826  1.6  0.56 
 1.6  1.57826  0.56 
 1.64164  1.55  0.56 
 1.65  1.53717  0.56 
 1.67733  1.5  0.56 
 1.69535  1.45  0.56 
 1.68052  1.4  0.56 


# Contour 33, label:     0.48
 1.65331  1.4  0.48 
 1.65  1.39742  0.48 
 1.6  1.35958  0.48 
 1.58524  1.35  0.48 
 1.55  1.33815  0.48 
 1.5  1.3264  0.48 
 1.45  1.32313  0.48 
 1.4  1.33254  0.48 
 1.36757  1.35  0.48 
 1.35  1.36757  0.48 
 1.33254  1.4  0.48 
 1.32313  1.45  0.48 
 1.3264  1.5  0.48 
 1.33815  1.55  0.48 
 1.35  1.58524  0.48 
 1.35958  1.6  0.48 
 1.39742  1.65  0.48 
 1.4  1.65331  0.48 
 1.45  1.66893  0.48 
 1.5  1.65173  0.48 
 1.50235  1.65  0.48 
 1.55  1.61896  0.48 
 1.56287  1.6  0.48 
 1.6  1.56287  0.48 
 1.61896  1.55  0.48 
 1.65  1.50235  0.48 
 1.65173  1.5  0.48 
 1.66893  1.45  0.48 
 1.65331  1.4  0.48 


# Contour 34, label:      0.4
 1.62614  1.4  0.4 
 1.6  1.38018  0.4 
 1.55351  1.35  0.4 
 1.55  1.34882  0.4 
 1.5  1.33706  0.4 
 1.45  1.33379  0.4 
 1.4  1.34321  0.4 
 1.38739  1.35  0.4 
 1.35  1.38739  0.4 
 1.34321  1.4  0.4 
 1.33379  1.45  0.4 
 1.33706  1.5  0.4 
 1.34882  1.55  0.4 
 1.35  1.55351  0.4 
 1.38018  1.6  0.4 
 1.4  1.62614  0.4 
 1.45  1.64264  0.4 
 1.5  1.6271  0.4 
 1.54351  1.6  0.4 
 1.55  1.59578  0.4 
 1.59579  1.55  0.4 
 1.6  1.54352  0.4 
 1.6271  1.5  0.4 
 1.64264  1.45  0.4 
 1.62614  1.4  0.4 


# Contour 35, label:     0.32
 1.61666  1.45  0.32 
 1.6  1.40279  0.32 
 1.59884  1.4  0.32 
 1.55  1.36783  0.32 
 1.50972  1.35  0.32 
 1.5  1.34771  0.32 
 1.45  1.34445  0.32 
 1.42055  1.35  0.32 
 1.4  1.35719  0.32 
 1.35719  1.4  0.32 
 1.35  1.42055  0.32 
 1.34445  1.45  0.32 
 1.34771  1.5  0.32 
 1.35  1.50972  0.32 
 1.36783  1.55  0.32 
 1.4  1.59884  0.32 
 1.40279  1.6  0.32 
 1.45  1.61666  0.32 
 1.5  1.60254  0.32 
 1.50407  1.6  0.32 
 1.55  1.57014  0.32 
 1.57014  1.55  0.32 
 1.6  1.50407  0.32 
 1.60254  1.5  0.32 
 1.61666  1.45  0.32 


# Contour 36, label:     0.24
 1.5684  1.4  0.24 
 1.55  1.38788  0.24 
 1.5  1.36557  0.24 
 1.45  1.35946  0.24 
 1.4  1.37697  0.24 
 1.37697  1.4  0.24 
 1.35946  1.45  0.24 
 1.36557  1.5  0.24 
 1.38788  1.55  0.24 
 1.4  1.5684  0.24 
 1.45  1.58982  0.24 
 1.5  1.57647  0.24 
 1.54123  1.55  0.24 
 1.55  1.54123  0.24 
 1.57647  1.5  0.24 
 1.58982  1.45  0.24 
 1.5684  1.4  0.24 


# Contour 37, label:     0.16
 1.56143  1.45  0.16 
 1.55  1.42478  0.16 
 1.53253  1.4  0.16 
 1.5  1.38539  0.16 
 1.45  1.37921  0.16 
 1.4  1.39674  0.16 
 1.39674  1.4  0.16 
 1.37921  1.45  0.16 
 1.38539  1.5  0.16 
 1.4  1.53253  0.16 
 1.42478  1.55  0.16 
 1.45  1.56143  0.16 
 1.5  1.55022  0.16 
 1.50034  1.55  0.16 
 1.55  1.50034  0.16 
 1.55022  1.5  0.16 
 1.56143  1.45  0.16 


# Contour 38, label:     0.08
 1.52577  1.45  0.08 
 1.5  1.41465  0.08 
 1.45836  1.4  0.08 
 1.45  1.39896  0.08 
 1.44703  1.4  0.08 
 1.4  1.44703  0.08 
 1.39896  1.45  0.08 
 1.4  1.45836  0.08 
 1.41465  1.5  0.08 
 1.45  1.52577  0.08 
 1.5  1.51155  0.08 
 1.51155  1.5  0.08 
 1.52577  1.45  0.08 

