
# Surface 0 of 1 surfaces

# Curve title: "'zpe.map12' using 1:2:6"

# Contour 0, label:      2.8
 1.27963  4  2.8 
 1.27995  3.75  2.8 
 1.28059  3.5  2.8 
 1.28117  3.3  2.8 
 1.2813  3.2  2.8 
 1.28124  3.1  2.8 
 1.28102  3  2.8 
 1.2808  2.9  2.8 
 1.28075  2.8  2.8 
 1.28096  2.7  2.8 
 1.28124  2.6  2.8 
 1.28123  2.55  2.8 
 1.28095  2.5  2.8 
 1.28033  2.45  2.8 
 1.27916  2.4  2.8 
 1.27716  2.35  2.8 
 1.27409  2.3  2.8 
 1.26971  2.25  2.8 
 1.26389  2.2  2.8 
 1.25661  2.15  2.8 
 1.25  2.11157  2.8 

 4  1.27963  2.8 
 3.75  1.27995  2.8 
 3.5  1.28059  2.8 
 3.3  1.28117  2.8 
 3.2  1.2813  2.8 
 3.1  1.28124  2.8 
 3  1.28102  2.8 
 2.9  1.2808  2.8 
 2.8  1.28075  2.8 
 2.7  1.28096  2.8 
 2.6  1.28124  2.8 
 2.55  1.28123  2.8 
 2.5  1.28095  2.8 
 2.45  1.28033  2.8 
 2.4  1.27916  2.8 
 2.35  1.27716  2.8 
 2.3  1.27409  2.8 
 2.25  1.26971  2.8 
 2.2  1.26389  2.8 
 2.15  1.25661  2.8 
 2.11157  1.25  2.8 


# Contour 1, label:      2.4
 2.05129  2.15  2.4 
 2.05  2.14862  2.4 
 2  2.10635  2.4 
 1.98711  2.1  2.4 
 1.95  2.088  2.4 
 1.9  2.09718  2.4 
 1.89448  2.1  2.4 
 1.85  2.12814  2.4 
 1.82352  2.15  2.4 
 1.8  2.17549  2.4 
 1.78155  2.2  2.4 
 1.75766  2.25  2.4 
 1.75  2.29814  2.4 
 1.74977  2.3  2.4 
 1.75  2.30148  2.4 
 1.76343  2.35  2.4 
 1.8  2.39504  2.4 
 1.81438  2.4  2.4 
 1.85  2.4083  2.4 
 1.89604  2.4  2.4 
 1.9  2.39917  2.4 
 1.95  2.37339  2.4 
 1.98584  2.35  2.4 
 2  2.33779  2.4 
 2.03987  2.3  2.4 
 2.05  2.28422  2.4 
 2.07098  2.25  2.4 
 2.07547  2.2  2.4 
 2.05129  2.15  2.4 

 2.4083  1.85  2.4 
 2.4  1.81438  2.4 
 2.39504  1.8  2.4 
 2.35  1.76343  2.4 
 2.30148  1.75  2.4 
 2.3  1.74977  2.4 
 2.29814  1.75  2.4 
 2.25  1.75766  2.4 
 2.2  1.78155  2.4 
 2.17549  1.8  2.4 
 2.15  1.82352  2.4 
 2.12814  1.85  2.4 
 2.1  1.89448  2.4 
 2.09718  1.9  2.4 
 2.088  1.95  2.4 
 2.1  1.98711  2.4 
 2.10635  2  2.4 
 2.14863  2.05  2.4 
 2.15  2.05128  2.4 
 2.2  2.07547  2.4 
 2.25  2.07098  2.4 
 2.28422  2.05  2.4 
 2.3  2.03987  2.4 
 2.33779  2  2.4 
 2.35  1.98584  2.4 
 2.37338  1.95  2.4 
 2.39917  1.9  2.4 
 2.4  1.89604  2.4 
 2.4083  1.85  2.4 

 1.25733  1.25  2.4 
 1.25  1.25728  2.4 

 1.3217  4  2.4 
 1.3222  3.75  2.4 
 1.32322  3.5  2.4 
 1.32413  3.3  2.4 
 1.32434  3.2  2.4 
 1.32423  3.1  2.4 
 1.32388  3  2.4 
 1.3235  2.9  2.4 
 1.32338  2.8  2.4 
 1.32365  2.7  2.4 
 1.32401  2.6  2.4 
 1.32407  2.55  2.4 
 1.32388  2.5  2.4 
 1.32324  2.45  2.4 
 1.32172  2.4  2.4 
 1.31883  2.35  2.4 
 1.31407  2.3  2.4 
 1.30706  2.25  2.4 
 1.3  2.21287  2.4 
 1.29851  2.2  2.4 
 1.29122  2.15  2.4 
 1.28258  2.1  2.4 
 1.27285  2.05  2.4 
 1.26238  2  2.4 
 1.25153  1.95  2.4 
 1.25  1.94303  2.4 

 4  1.3217  2.4 
 3.75  1.3222  2.4 
 3.5  1.32322  2.4 
 3.3  1.32413  2.4 
 3.2  1.32434  2.4 
 3.1  1.32423  2.4 
 3  1.32388  2.4 
 2.9  1.3235  2.4 
 2.8  1.32338  2.4 
 2.7  1.32365  2.4 
 2.6  1.32401  2.4 
 2.55  1.32407  2.4 
 2.5  1.32388  2.4 
 2.45  1.32324  2.4 
 2.4  1.32172  2.4 
 2.35  1.31883  2.4 
 2.3  1.31407  2.4 
 2.25  1.30706  2.4 
 2.21287  1.3  2.4 
 2.2  1.29851  2.4 
 2.15  1.29122  2.4 
 2.1  1.28258  2.4 
 2.05  1.27285  2.4 
 2  1.26238  2.4 
 1.95  1.25153  2.4 
 1.94303  1.25  2.4 


# Contour 2, label:        2
 2.80931  1.65  2 
 2.8  1.64819  2 
 2.70538  1.6  2 
 2.7  1.59832  2 
 2.6  1.5578  2 
 2.57821  1.55  2 
 2.55  1.5386  2 
 2.5  1.52253  2 
 2.45  1.51223  2 
 2.4  1.50851  2 
 2.35  1.51209  2 
 2.3  1.52343  2 
 2.25  1.54269  2 
 2.23692  1.55  2 
 2.2  1.56612  2 
 2.15  1.59386  2 
 2.14082  1.6  2 
 2.1  1.62741  2 
 2.06986  1.65  2 
 2.05  1.66726  2 
 2.01506  1.7  2 
 2  1.71726  2 
 1.9732  1.75  2 
 1.95  1.78816  2 
 1.94362  1.8  2 
 1.91853  1.85  2 
 1.9  1.88379  2 
 1.88379  1.9  2 
 1.85  1.91853  2 
 1.8  1.94362  2 
 1.78816  1.95  2 
 1.75  1.9732  2 
 1.71726  2  2 
 1.7  2.01506  2 
 1.66726  2.05  2 
 1.65  2.06986  2 
 1.62741  2.1  2 
 1.6  2.14082  2 
 1.59386  2.15  2 
 1.56612  2.2  2 
 1.55  2.23692  2 
 1.54269  2.25  2 
 1.52343  2.3  2 
 1.51209  2.35  2 
 1.50851  2.4  2 
 1.51223  2.45  2 
 1.52253  2.5  2 
 1.5386  2.55  2 
 1.55  2.57821  2 
 1.5578  2.6  2 
 1.59832  2.7  2 
 1.6  2.70538  2 
 1.64819  2.8  2 
 1.65  2.80931  2 
 1.7  2.87032  2 
 1.75  2.85347  2 
 1.8  2.82207  2 
 1.82631  2.8  2 
 1.85  2.78811  2 
 1.9  2.75649  2 
 1.95  2.7254  2 
 1.99717  2.7  2 
 2  2.6986  2 
 2.05  2.67774  2 
 2.1  2.66127  2 
 2.15  2.64794  2 
 2.2  2.63573  2 
 2.25  2.62172  2 
 2.3  2.60726  2 
 2.32229  2.6  2 
 2.35  2.58994  2 
 2.4  2.56738  2 
 2.43022  2.55  2 
 2.45  2.53688  2 
 2.49432  2.5  2 
 2.5  2.49432  2 
 2.53689  2.45  2 
 2.55  2.43023  2 
 2.56738  2.4  2 
 2.58994  2.35  2 
 2.6  2.32229  2 
 2.60726  2.3  2 
 2.62172  2.25  2 
 2.63573  2.2  2 
 2.64794  2.15  2 
 2.66127  2.1  2 
 2.67774  2.05  2 
 2.6986  2  2 
 2.7  1.99717  2 
 2.7254  1.95  2 
 2.75649  1.9  2 
 2.78811  1.85  2 
 2.8  1.82631  2 
 2.82207  1.8  2 
 2.85347  1.75  2 
 2.87032  1.7  2 
 2.80931  1.65  2 

 1.29108  1.25  2 
 1.25  1.29075  2 

 1.39579  4  2 
 1.39669  3.75  2 
 1.39851  3.5  2 
 1.4  3.32001  2 
 1.40039  3.3  2 
 1.40125  3.2  2 
 1.40077  3.1  2 
 1.4  3.0494  2 
 1.39968  3  2 
 1.39897  2.9  2 
 1.3987  2.8  2 
 1.39909  2.7  2 
 1.4  2.64032  2 
 1.40168  2.6  2 
 1.40666  2.55  2 
 1.41179  2.5  2 
 1.41457  2.45  2 
 1.4113  2.4  2 
 1.4  2.35942  2 
 1.39919  2.35  2 
 1.39089  2.3  2 
 1.37766  2.25  2 
 1.35899  2.2  2 
 1.35  2.18131  2 
 1.34252  2.15  2 
 1.32825  2.1  2 
 1.31211  2.05  2 
 1.3  2.01529  2 
 1.29678  2  2 
 1.28579  1.95  2 
 1.2747  1.9  2 
 1.26367  1.85  2 
 1.25277  1.8  2 
 1.25  1.78731  2 

 4  1.39579  2 
 3.75  1.39669  2 
 3.5  1.39851  2 
 3.32  1.4  2 
 3.3  1.40039  2 
 3.2  1.40125  2 
 3.1  1.40077  2 
 3.0494  1.4  2 
 3  1.39968  2 
 2.9  1.39897  2 
 2.8  1.3987  2 
 2.7  1.39909  2 
 2.64032  1.4  2 
 2.6  1.40168  2 
 2.55  1.40666  2 
 2.5  1.41179  2 
 2.45  1.41457  2 
 2.4  1.4113  2 
 2.35942  1.4  2 
 2.35  1.39919  2 
 2.3  1.39089  2 
 2.25  1.37766  2 
 2.2  1.35899  2 
 2.18131  1.35  2 
 2.15  1.34252  2 
 2.1  1.32825  2 
 2.05  1.31211  2 
 2.01529  1.3  2 
 2  1.29678  2 
 1.95  1.28579  2 
 1.9  1.2747  2 
 1.85  1.26367  2 
 1.8  1.25277  2 
 1.78731  1.25  2 


# Contour 3, label:      1.6
 1.33901  1.25  1.6 
 1.3  1.27469  1.6 
 1.27448  1.3  1.6 
 1.25  1.33887  1.6 

 1.63871  1.25  1.6 
 1.65  1.25264  1.6 
 1.7  1.26415  1.6 
 1.75  1.27538  1.6 
 1.8  1.28646  1.6 
 1.85  1.29759  1.6 
 1.86081  1.3  1.6 
 1.9  1.31451  1.6 
 1.95  1.33308  1.6 
 1.99618  1.35  1.6 
 2  1.35288  1.6 
 2.05  1.38886  1.6 
 2.06689  1.4  1.6 
 2.08384  1.45  1.6 
 2.05931  1.5  1.6 
 2.05  1.50911  1.6 
 2.01102  1.55  1.6 
 2  1.55911  1.6 
 1.95199  1.6  1.6 
 1.95  1.60168  1.6 
 1.9  1.64412  1.6 
 1.89294  1.65  1.6 
 1.85  1.69179  1.6 
 1.84155  1.7  1.6 
 1.80586  1.75  1.6 
 1.8  1.76183  1.6 
 1.76183  1.8  1.6 
 1.75  1.80586  1.6 
 1.7  1.84155  1.6 
 1.69179  1.85  1.6 
 1.65  1.89294  1.6 
 1.64412  1.9  1.6 
 1.60168  1.95  1.6 
 1.6  1.95199  1.6 
 1.55911  2  1.6 
 1.55  2.01102  1.6 
 1.50911  2.05  1.6 
 1.5  2.05931  1.6 
 1.45  2.08384  1.6 
 1.4  2.06689  1.6 
 1.38886  2.05  1.6 
 1.35288  2  1.6 
 1.35  1.99618  1.6 
 1.33308  1.95  1.6 
 1.31451  1.9  1.6 
 1.3  1.86081  1.6 
 1.29759  1.85  1.6 
 1.28646  1.8  1.6 
 1.27538  1.75  1.6 
 1.26415  1.7  1.6 
 1.25264  1.65  1.6 
 1.25  1.63871  1.6 

 4  2.04377  1.6 
 3.75  2.02598  1.6 
 3.5  2.01715  1.6 
 3.3  2.01726  1.6 
 3.2  2.02293  1.6 
 3.10547  2.05  1.6 
 3.1  2.05243  1.6 
 3.03038  2.1  1.6 
 3  2.13586  1.6 
 2.99214  2.15  1.6 
 2.974  2.2  1.6 
 2.96144  2.25  1.6 
 2.95171  2.3  1.6 
 2.94543  2.35  1.6 
 2.94018  2.4  1.6 
 2.93479  2.45  1.6 
 2.92863  2.5  1.6 
 2.92129  2.55  1.6 
 2.91085  2.6  1.6 
 2.9  2.63331  1.6 
 2.87274  2.7  1.6 
 2.80354  2.8  1.6 
 2.8  2.80354  1.6 
 2.7  2.87274  1.6 
 2.63331  2.9  1.6 
 2.6  2.91085  1.6 
 2.55  2.92127  1.6 
 2.5  2.92863  1.6 
 2.45  2.93479  1.6 
 2.4  2.94018  1.6 
 2.35  2.94543  1.6 
 2.3  2.95171  1.6 
 2.25  2.96182  1.6 
 2.2  2.974  1.6 
 2.15  2.99214  1.6 
 2.13586  3  1.6 
 2.1  3.03038  1.6 
 2.05243  3.1  1.6 
 2.05  3.10547  1.6 
 2.02293  3.2  1.6 
 2.01726  3.3  1.6 
 2.01716  3.5  1.6 
 2.02598  3.75  1.6 
 2.04377  4  1.6 


# Contour 4, label:      1.2
 1.90976  1.4  1.2 
 1.9  1.39247  1.2 
 1.85  1.35377  1.2 
 1.84512  1.35  1.2 
 1.8  1.33311  1.2 
 1.75  1.31449  1.2 
 1.71098  1.3  1.2 
 1.7  1.29752  1.2 
 1.65  1.28599  1.2 
 1.6  1.27432  1.2 
 1.55  1.26374  1.2 
 1.5  1.25629  1.2 
 1.45  1.2541  1.2 
 1.4  1.25989  1.2 
 1.35  1.27678  1.2 
 1.31317  1.3  1.2 
 1.3  1.31317  1.2 
 1.27678  1.35  1.2 
 1.25989  1.4  1.2 
 1.2541  1.45  1.2 
 1.25629  1.5  1.2 
 1.26374  1.55  1.2 
 1.27432  1.6  1.2 
 1.28599  1.65  1.2 
 1.29752  1.7  1.2 
 1.3  1.71098  1.2 
 1.31449  1.75  1.2 
 1.33311  1.8  1.2 
 1.35  1.84512  1.2 
 1.35377  1.85  1.2 
 1.39247  1.9  1.2 
 1.4  1.90976  1.2 
 1.45  1.92333  1.2 
 1.5  1.90098  1.2 
 1.50108  1.9  1.2 
 1.55  1.85592  1.2 
 1.55511  1.85  1.2 
 1.59834  1.8  1.2 
 1.6  1.79814  1.2 
 1.64204  1.75  1.2 
 1.65  1.74213  1.2 
 1.69765  1.7  1.2 
 1.7  1.69765  1.2 
 1.74213  1.65  1.2 
 1.75  1.64204  1.2 
 1.79814  1.6  1.2 
 1.8  1.59834  1.2 
 1.85  1.55511  1.2 
 1.85592  1.55  1.2 
 1.9  1.50108  1.2 
 1.90098  1.5  1.2 
 1.92333  1.45  1.2 
 1.90976  1.4  1.2 


# Contour 5, label:      0.8
 1.76401  1.4  0.8 
 1.75  1.38911  0.8 
 1.7  1.35022  0.8 
 1.69971  1.35  0.8 
 1.65  1.33106  0.8 
 1.6  1.31229  0.8 
 1.56344  1.3  0.8 
 1.55  1.29717  0.8 
 1.5  1.28979  0.8 
 1.45  1.2877  0.8 
 1.4  1.29359  0.8 
 1.38109  1.3  0.8 
 1.35  1.31671  0.8 
 1.31671  1.35  0.8 
 1.3  1.38109  0.8 
 1.29359  1.4  0.8 
 1.2877  1.45  0.8 
 1.28979  1.5  0.8 
 1.29717  1.55  0.8 
 1.3  1.56344  0.8 
 1.31229  1.6  0.8 
 1.33106  1.65  0.8 
 1.35  1.69971  0.8 
 1.35022  1.7  0.8 
 1.38911  1.75  0.8 
 1.4  1.76401  0.8 
 1.45  1.77799  0.8 
 1.5  1.75708  0.8 
 1.50815  1.75  0.8 
 1.55  1.71564  0.8 
 1.56513  1.7  0.8 
 1.6  1.6691  0.8 
 1.61566  1.65  0.8 
 1.65  1.61566  0.8 
 1.6691  1.6  0.8 
 1.7  1.56513  0.8 
 1.71564  1.55  0.8 
 1.75  1.50815  0.8 
 1.75708  1.5  0.8 
 1.77799  1.45  0.8 
 1.76401  1.4  0.8 


# Contour 6, label:      0.4
 1.62614  1.4  0.4 
 1.6  1.38018  0.4 
 1.55351  1.35  0.4 
 1.55  1.34882  0.4 
 1.5  1.33706  0.4 
 1.45  1.33379  0.4 
 1.4  1.34321  0.4 
 1.38739  1.35  0.4 
 1.35  1.38739  0.4 
 1.34321  1.4  0.4 
 1.33379  1.45  0.4 
 1.33706  1.5  0.4 
 1.34882  1.55  0.4 
 1.35  1.55351  0.4 
 1.38018  1.6  0.4 
 1.4  1.62614  0.4 
 1.45  1.64264  0.4 
 1.5  1.6271  0.4 
 1.54351  1.6  0.4 
 1.55  1.59578  0.4 
 1.59579  1.55  0.4 
 1.6  1.54352  0.4 
 1.6271  1.5  0.4 
 1.64264  1.45  0.4 
 1.62614  1.4  0.4 

